X	Y
17.544	8.118
17.563	8.102
17.586	8.090
17.615	8.081
17.647	8.074
17.684	8.071
17.724	8.069
17.768	8.068
17.815	8.069
17.865	8.071
17.918	8.072
17.973	8.074
18.030	8.076
18.089	8.077
18.149	8.079
18.211	8.080
18.274	8.082
18.338	8.084
18.402	8.087
18.467	8.090
18.532	8.094
18.597	8.098
18.662	8.103
18.726	8.110
18.789	8.117
18.851	8.125
18.912	8.134
18.972	8.145
19.030	8.156
19.086	8.169
19.141	8.184
19.195	8.199
19.247	8.214
19.299	8.231
19.350	8.248
19.400	8.266
19.449	8.285
19.498	8.303
19.547	8.322
19.595	8.341
19.643	8.360
19.692	8.379
19.740	8.398
19.789	8.416
19.837	8.435
19.885	8.454
19.933	8.473
19.980	8.492
20.026	8.512
20.071	8.533
20.115	8.554
20.157	8.576
20.198	8.600
20.237	8.624
20.274	8.649
20.309	8.676
20.342	8.704
20.373	8.734
20.402	8.764
20.430	8.795
20.456	8.826
20.480	8.858
20.504	8.890
20.526	8.922
20.548	8.954
20.569	8.986
20.589	9.017
20.608	9.048
20.626	9.079
20.641	9.110
20.655	9.142
20.665	9.174
20.673	9.207
20.676	9.241
20.676	9.277
20.671	9.314
20.661	9.352
20.647	9.392
20.628	9.432
20.606	9.473
20.581	9.513
20.552	9.553
20.519	9.592
20.484	9.631
20.447	9.667
20.407	9.702
20.365	9.735
20.321	9.765
20.275	9.792
20.228	9.816
20.180	9.838
20.130	9.858
20.079	9.875
20.027	9.890
19.974	9.903
19.920	9.914
19.866	9.924
19.811	9.932
19.755	9.939
19.699	9.945
19.643	9.949
19.587	9.953
19.530	9.955
19.474	9.957
19.418	9.958
19.362	9.958
19.307	9.958
19.252	9.956
19.198	9.953
19.144	9.949
19.091	9.944
19.038	9.938
18.987	9.931
18.936	9.923
18.887	9.913
18.839	9.901
18.792	9.889
18.746	9.875
18.701	9.860
18.658	9.843
18.615	9.824
18.573	9.805
18.531	9.784
18.490	9.761
18.449	9.737
18.408	9.711
18.367	9.684
18.326	9.656
18.285	9.626
18.244	9.595
18.202	9.562
18.160	9.528
18.119	9.493
18.077	9.458
18.036	9.422
17.995	9.386
17.954	9.350
17.915	9.314
17.876	9.278
17.838	9.243
17.802	9.209
17.766	9.176
17.733	9.144
17.700	9.113
17.670	9.083
17.641	9.055
17.614	9.027
17.589	8.998
17.566	8.970
17.546	8.941
17.528	8.911
17.513	8.880
17.500	8.847
17.490	8.812
17.483	8.775
17.478	8.737
17.476	8.699
17.475	8.660
17.475	8.622
17.477	8.585
17.480	8.549
17.483	8.515
17.487	8.483
17.491	8.454
17.495	8.427
17.499	8.401
17.503	8.376
17.506	8.352
17.508	8.327
17.510	8.300
17.511	8.273
17.511	8.244
17.513	8.216
17.516	8.188
17.521	8.162
17.531	8.139
17.544	8.118
