X	Y
1677.000	924.000
1680.360	921.582
1684.148	919.670
1688.350	918.237
1692.953	917.257
1697.941	916.701
1703.301	916.542
1709.018	916.755
1715.078	917.311
1721.468	918.183
1728.172	919.344
1735.177	920.768
1742.468	922.427
1750.032	924.294
1757.854	926.341
1765.920	928.542
1774.216	930.870
1782.727	933.298
1791.440	935.797
1800.340	938.342
1809.412	940.906
1818.644	943.460
1828.021	945.978
1837.528	948.433
1847.151	950.798
1856.877	953.049
1866.697	955.184
1876.602	957.206
1886.585	959.119
1896.638	960.927
1906.753	962.633
1916.922	964.242
1927.137	965.756
1937.391	967.180
1947.674	968.517
1957.980	969.771
1968.300	970.946
1978.626	972.045
1988.951	973.072
1999.267	974.031
2009.565	974.925
2019.838	975.758
2030.077	976.535
2040.276	977.258
2050.425	977.931
2060.517	978.558
2070.544	979.143
2080.499	979.689
2090.373	980.201
2100.158	980.681
2109.846	981.134
2119.430	981.563
2128.901	981.971
2138.252	982.364
2147.474	982.744
2156.560	983.114
2165.502	983.480
2174.292	983.844
2182.922	984.210
2191.394	984.581
2199.717	984.958
2207.900	985.343
2215.953	985.737
2223.885	986.143
2231.704	986.562
2239.421	986.995
2247.044	987.445
2254.583	987.912
2262.046	988.399
2269.443	988.907
2276.784	989.438
2284.077	989.994
2291.332	990.575
2298.558	991.184
2305.763	991.823
2312.959	992.493
2320.153	993.195
2327.354	993.932
2334.573	994.705
2341.818	995.515
2349.099	996.365
2356.424	997.255
2363.803	998.189
2371.245	999.166
2378.756	1000.189
2386.330	1001.261
2393.962	1002.381
2401.646	1003.554
2409.376	1004.779
2417.145	1006.060
2424.948	1007.397
2432.779	1008.793
2440.631	1010.250
2448.498	1011.769
2456.375	1013.352
2464.256	1015.001
2472.134	1016.719
2480.003	1018.505
2487.858	1020.364
2495.692	1022.296
2503.500	1024.302
2511.274	1026.386
2519.010	1028.549
2526.701	1030.793
2534.341	1033.119
2541.924	1035.529
2549.445	1038.025
2556.896	1040.610
2564.272	1043.284
2571.568	1046.050
2578.776	1048.909
2585.884	1051.859
2592.877	1054.899
2599.740	1058.022
2606.457	1061.227
2613.012	1064.510
2619.390	1067.866
2625.575	1071.293
2631.551	1074.788
2637.304	1078.346
2642.816	1081.964
2648.074	1085.638
2653.062	1089.366
2657.762	1093.143
2662.162	1096.966
2666.243	1100.832
2669.992	1104.736
2673.392	1108.676
2676.428	1112.647
2679.085	1116.647
2681.346	1120.672
2683.199	1124.719
2684.657	1128.789
2685.751	1132.885
2686.513	1137.014
2686.974	1141.177
2687.164	1145.380
2687.116	1149.627
2686.861	1153.921
2686.429	1158.268
2685.852	1162.670
2685.161	1167.133
2684.388	1171.661
2683.563	1176.257
2682.718	1180.926
2681.885	1185.671
2681.082	1190.493
2680.297	1195.378
2679.515	1200.310
2678.717	1205.274
2677.886	1210.255
2677.007	1215.237
2676.061	1220.205
2675.032	1225.143
2673.903	1230.037
2672.657	1234.869
2671.277	1239.626
2669.746	1244.292
2668.046	1248.851
2666.162	1253.288
2664.076	1257.588
2661.771	1261.734
2659.231	1265.714
2656.464	1269.526
2653.488	1273.182
2650.322	1276.690
2646.985	1280.060
2643.496	1283.301
2639.875	1286.423
2636.139	1289.435
2632.310	1292.346
2628.405	1295.167
2624.443	1297.906
2620.445	1300.573
2616.428	1303.178
2612.412	1305.730
2608.417	1308.238
2604.460	1310.712
2600.560	1313.162
2596.724	1315.599
2592.957	1318.036
2589.264	1320.484
2585.648	1322.956
2582.115	1325.464
2578.668	1328.020
2575.312	1330.636
2572.053	1333.325
2568.894	1336.098
2565.839	1338.969
2562.894	1341.948
2560.062	1345.047
2557.348	1348.281
2554.757	1351.659
2552.284	1355.183
2549.917	1358.840
2547.643	1362.620
2545.448	1366.511
2543.321	1370.500
2541.248	1374.575
2539.216	1378.725
2537.213	1382.939
2535.225	1387.203
2533.239	1391.507
2531.243	1395.838
2529.224	1400.185
2527.168	1404.536
2525.064	1408.878
2522.897	1413.201
2520.658	1417.492
2518.339	1421.745
2515.936	1425.951
2513.445	1430.103
2510.861	1434.193
2508.180	1438.215
2505.397	1442.160
2502.507	1446.022
2499.506	1449.792
2496.390	1453.463
2493.153	1457.028
2489.791	1460.479
2486.300	1463.809
2482.675	1467.010
2478.911	1470.075
2475.004	1472.997
2470.952	1475.771
2466.766	1478.405
2462.459	1480.911
2458.043	1483.301
2453.533	1485.586
2448.942	1487.778
2444.282	1489.889
2439.568	1491.929
2434.812	1493.912
2430.027	1495.847
2425.228	1497.748
2420.427	1499.624
2415.637	1501.489
2410.873	1503.353
2406.146	1505.229
2401.470	1507.127
2396.860	1509.060
2392.321	1511.034
2387.844	1513.037
2383.410	1515.055
2379.004	1517.072
2374.609	1519.073
2370.209	1521.042
2365.788	1522.964
2361.328	1524.824
2356.814	1526.606
2352.229	1528.294
2347.557	1529.875
2342.781	1531.331
2337.885	1532.648
2332.853	1533.810
2327.667	1534.803
2322.312	1535.610
2316.771	1536.217
2311.041	1536.619
2305.133	1536.828
2299.060	1536.854
2292.836	1536.710
2286.473	1536.406
2279.985	1535.956
2273.384	1535.369
2266.683	1534.658
2259.896	1533.834
2253.035	1532.909
2246.113	1531.894
2239.144	1530.801
2232.141	1529.642
2225.115	1528.428
2218.081	1527.170
2211.052	1525.881
2204.040	1524.572
2197.058	1523.253
2190.119	1521.938
2183.237	1520.637
2176.424	1519.363
2169.694	1518.126
2163.057	1516.937
2156.513	1515.797
2150.059	1514.707
2143.691	1513.666
2137.404	1512.672
2131.195	1511.725
2125.060	1510.826
2118.995	1509.972
2112.997	1509.163
2107.062	1508.400
2101.185	1507.680
2095.363	1507.003
2089.592	1506.370
2083.868	1505.778
2078.188	1505.228
2072.547	1504.719
2066.942	1504.250
2061.369	1503.821
2055.823	1503.430
2050.302	1503.078
2044.802	1502.763
2039.319	1502.486
2033.852	1502.245
2028.400	1502.041
2022.960	1501.874
2017.530	1501.742
2012.108	1501.646
2006.693	1501.586
2001.282	1501.560
1995.874	1501.570
1990.466	1501.614
1985.058	1501.692
1979.646	1501.804
1974.229	1501.950
1968.805	1502.129
1963.372	1502.342
1957.928	1502.587
1952.471	1502.864
1947.000	1503.173
1941.513	1503.509
1936.011	1503.860
1930.494	1504.217
1924.963	1504.569
1919.418	1504.906
1913.860	1505.218
1908.287	1505.493
1902.702	1505.723
1897.104	1505.896
1891.494	1506.001
1885.871	1506.030
1880.237	1505.970
1874.592	1505.812
1868.935	1505.546
1863.268	1505.162
1857.590	1504.647
1851.903	1503.994
1846.205	1503.190
1840.500	1502.227
1834.800	1501.099
1829.122	1499.807
1823.486	1498.346
1817.908	1496.717
1812.408	1494.917
1807.003	1492.944
1801.711	1490.797
1796.550	1488.474
1791.538	1485.973
1786.693	1483.293
1782.034	1480.431
1777.578	1477.386
1773.343	1474.157
1769.348	1470.741
1765.610	1467.137
1762.147	1463.343
1758.978	1459.357
1756.119	1455.179
1753.570	1450.814
1751.319	1446.276
1749.357	1441.575
1747.672	1436.723
1746.252	1431.733
1745.088	1426.615
1744.167	1421.383
1743.479	1416.047
1743.013	1410.620
1742.758	1405.114
1742.702	1399.539
1742.835	1393.909
1743.146	1388.234
1743.623	1382.527
1744.255	1376.800
1745.033	1371.064
1745.943	1365.331
1746.975	1359.613
1748.103	1353.916
1749.301	1348.248
1750.544	1342.615
1751.804	1337.023
1753.056	1331.479
1754.272	1325.989
1755.427	1320.560
1756.494	1315.199
1757.446	1309.911
1758.258	1304.704
1758.902	1299.584
1759.353	1294.558
1759.583	1289.631
1759.567	1284.811
1759.278	1280.104
1758.690	1275.517
1757.776	1271.055
1756.526	1266.718
1754.968	1262.483
1753.130	1258.329
1751.046	1254.231
1748.744	1250.168
1746.257	1246.116
1743.614	1242.051
1740.846	1237.951
1737.985	1233.793
1735.061	1229.554
1732.104	1225.210
1729.147	1220.739
1726.218	1216.117
1723.350	1211.322
1720.572	1206.330
1717.916	1201.118
1715.413	1195.664
1713.080	1189.959
1710.909	1184.027
1708.890	1177.895
1707.012	1171.588
1705.265	1165.133
1703.637	1158.558
1702.119	1151.887
1700.699	1145.149
1699.367	1138.370
1698.111	1131.575
1696.922	1124.792
1695.789	1118.048
1694.701	1111.368
1693.647	1104.779
1692.616	1098.308
1691.599	1091.982
1690.583	1085.827
1689.559	1079.869
1688.516	1074.135
1687.443	1068.652
1686.330	1063.446
1685.167	1058.539
1683.955	1053.915
1682.704	1049.532
1681.422	1045.351
1680.118	1041.329
1678.801	1037.426
1677.479	1033.602
1676.160	1029.816
1674.855	1026.026
1673.571	1022.193
1672.317	1018.275
1671.101	1014.231
1669.933	1010.022
1668.821	1005.605
1667.773	1000.941
1666.804	996.015
1665.934	990.872
1665.186	985.560
1664.583	980.130
1664.148	974.632
1663.905	969.116
1663.875	963.633
1664.082	958.232
1664.548	952.963
1665.297	947.877
1666.350	943.023
1667.733	938.453
1669.466	934.215
1671.573	930.360
1674.077	926.939
1677.000	924.000
