X	Y
729.000	436.000
730.107	434.791
731.300	433.636
732.575	432.532
733.929	431.477
735.359	430.466
736.863	429.497
738.438	428.567
740.080	427.672
741.787	426.810
743.555	425.977
745.383	425.171
747.267	424.387
749.203	423.624
751.190	422.878
753.224	422.145
755.303	421.424
757.423	420.710
759.581	420.000
761.775	419.292
764.002	418.582
766.258	417.868
768.542	417.145
770.849	416.412
773.180	415.668
775.533	414.913
777.908	414.148
780.305	413.373
782.722	412.589
785.161	411.796
787.620	410.995
790.098	410.187
792.596	409.371
795.113	408.548
797.648	407.720
800.201	406.886
802.772	406.047
805.360	405.203
807.964	404.355
810.584	403.503
813.220	402.648
815.872	401.791
818.538	400.931
821.218	400.070
823.912	399.208
826.619	398.345
829.340	397.483
832.072	396.620
834.817	395.759
837.573	394.899
840.341	394.041
843.119	393.185
845.907	392.333
848.705	391.483
851.512	390.639
854.327	389.799
857.149	388.967
859.978	388.142
862.813	387.326
865.653	386.521
868.497	385.727
871.345	384.945
874.196	384.177
877.048	383.423
879.901	382.686
882.755	381.965
885.608	381.263
888.459	380.580
891.309	379.918
894.155	379.277
896.998	378.659
899.836	378.066
902.669	377.497
905.496	376.955
908.316	376.440
911.128	375.954
913.932	375.498
916.727	375.072
919.511	374.679
922.284	374.319
925.046	373.993
927.795	373.703
930.531	373.449
933.253	373.234
935.960	373.057
938.651	372.921
941.328	372.825
943.990	372.767
946.641	372.749
949.280	372.767
951.911	372.822
954.533	372.913
957.149	373.038
959.760	373.197
962.368	373.389
964.974	373.613
967.579	373.869
970.185	374.154
972.793	374.469
975.405	374.812
978.023	375.183
980.647	375.581
983.279	376.004
985.921	376.453
988.573	376.925
991.239	377.420
993.918	377.938
996.613	378.477
999.324	379.036
1002.054	379.615
1004.804	380.213
1007.574	380.828
1010.368	381.460
1013.186	382.108
1016.029	382.772
1018.899	383.449
1021.796	384.140
1024.718	384.844
1027.664	385.560
1030.634	386.289
1033.625	387.029
1036.636	387.780
1039.667	388.541
1042.715	389.313
1045.781	390.094
1048.861	390.884
1051.956	391.682
1055.064	392.489
1058.184	393.303
1061.314	394.123
1064.453	394.951
1067.600	395.784
1070.754	396.622
1073.913	397.466
1077.077	398.314
1080.243	399.166
1083.411	400.021
1086.580	400.879
1089.748	401.740
1092.914	402.602
1096.076	403.466
1099.234	404.331
1102.386	405.196
1105.531	406.060
1108.668	406.925
1111.795	407.788
1114.911	408.649
1118.016	409.508
1121.107	410.365
1124.183	411.218
1127.244	412.068
1130.287	412.914
1133.314	413.757
1136.322	414.599
1139.311	415.441
1142.281	416.286
1145.232	417.133
1148.161	417.985
1151.070	418.844
1153.958	419.710
1156.823	420.585
1159.666	421.470
1162.486	422.368
1165.281	423.279
1168.053	424.205
1170.800	425.148
1173.521	426.108
1176.216	427.087
1178.885	428.088
1181.526	429.110
1184.140	430.157
1186.725	431.228
1189.282	432.326
1191.809	433.452
1194.306	434.608
1196.773	435.795
1199.209	437.014
1201.613	438.267
1203.985	439.555
1206.324	440.880
1208.630	442.244
1210.901	443.647
1213.139	445.092
1215.341	446.578
1217.505	448.107
1219.629	449.676
1221.711	451.285
1223.747	452.933
1225.736	454.620
1227.674	456.344
1229.560	458.104
1231.391	459.901
1233.164	461.732
1234.877	463.597
1236.527	465.496
1238.113	467.427
1239.630	469.389
1241.077	471.382
1242.452	473.405
1243.751	475.457
1244.973	477.537
1246.115	479.645
1247.174	481.779
1248.147	483.938
1249.034	486.122
1249.829	488.330
1250.533	490.561
1251.141	492.815
1251.651	495.090
1252.062	497.385
1252.370	499.700
1252.580	502.032
1252.692	504.382
1252.709	506.747
1252.633	509.126
1252.467	511.518
1252.214	513.921
1251.874	516.334
1251.451	518.755
1250.947	521.183
1250.365	523.617
1249.706	526.055
1248.973	528.495
1248.168	530.937
1247.294	533.380
1246.352	535.820
1245.346	538.258
1244.277	540.692
1243.149	543.120
1241.962	545.542
1240.719	547.955
1239.424	550.358
1238.077	552.750
1236.682	555.129
1235.241	557.495
1233.756	559.845
1232.229	562.178
1230.662	564.493
1229.059	566.789
1227.420	569.065
1225.747	571.319
1224.042	573.552
1222.308	575.763
1220.545	577.950
1218.755	580.114
1216.940	582.253
1215.102	584.366
1213.243	586.454
1211.364	588.514
1209.467	590.547
1207.554	592.551
1205.626	594.526
1203.686	596.471
1201.735	598.386
1199.774	600.269
1197.807	602.120
1195.833	603.938
1193.855	605.722
1191.876	607.472
1189.896	609.187
1187.917	610.866
1185.941	612.508
1183.969	614.112
1182.005	615.679
1180.048	617.207
1178.102	618.694
1176.167	620.142
1174.246	621.548
1172.339	622.914
1170.444	624.241
1168.559	625.533
1166.684	626.791
1164.816	628.019
1162.954	629.217
1161.096	630.390
1159.240	631.539
1157.386	632.667
1155.531	633.776
1153.673	634.868
1151.812	635.947
1149.945	637.014
1148.071	638.072
1146.188	639.124
1144.294	640.171
1142.389	641.216
1140.470	642.262
1138.535	643.311
1136.584	644.366
1134.614	645.428
1132.624	646.501
1130.612	647.587
1128.577	648.687
1126.516	649.806
1124.430	650.941
1122.317	652.091
1120.176	653.256
1118.007	654.432
1115.808	655.618
1113.579	656.813
1111.320	658.014
1109.028	659.220
1106.705	660.429
1104.348	661.640
1101.957	662.851
1099.531	664.059
1097.069	665.264
1094.571	666.463
1092.036	667.655
1089.463	668.837
1086.851	670.009
1084.199	671.169
1081.507	672.314
1078.773	673.444
1075.998	674.555
1073.180	675.648
1070.318	676.719
1067.411	677.767
1064.460	678.791
1061.462	679.788
1058.418	680.757
1055.326	681.696
1052.185	682.603
1048.995	683.477
1045.756	684.317
1042.466	685.120
1039.129	685.888
1035.746	686.623
1032.320	687.325
1028.851	687.995
1025.343	688.634
1021.797	689.242
1018.215	689.822
1014.599	690.374
1010.951	690.898
1007.274	691.397
1003.568	691.870
999.837	692.319
996.082	692.745
992.304	693.148
988.507	693.530
984.692	693.892
980.861	694.234
977.015	694.558
973.158	694.864
969.291	695.154
965.416	695.428
961.534	695.687
957.649	695.933
953.761	696.167
949.874	696.388
945.988	696.599
942.106	696.800
938.230	696.992
934.362	697.176
930.503	697.354
926.657	697.525
922.824	697.691
919.007	697.854
915.208	698.013
911.429	698.171
907.671	698.327
903.937	698.483
900.229	698.640
896.548	698.798
892.898	698.960
889.279	699.124
885.694	699.291
882.145	699.457
878.637	699.619
875.170	699.775
871.749	699.922
868.375	700.057
865.050	700.177
861.779	700.281
858.563	700.364
855.406	700.425
852.309	700.461
849.275	700.468
846.308	700.444
843.409	700.387
840.582	700.294
837.829	700.161
835.152	699.987
832.555	699.768
830.040	699.503
827.610	699.187
825.267	698.818
823.014	698.394
820.854	697.912
818.789	697.369
816.822	696.763
814.956	696.090
813.193	695.348
811.536	694.535
809.988	693.647
808.551	692.682
807.225	691.638
806.004	690.515
804.883	689.314
803.855	688.036
802.914	686.680
802.056	685.247
801.273	683.737
800.560	682.151
799.911	680.489
799.320	678.752
798.782	676.939
798.290	675.052
797.838	673.090
797.420	671.054
797.031	668.945
796.665	666.762
796.316	664.507
795.977	662.179
795.644	659.779
795.310	657.307
794.968	654.763
794.615	652.150
794.249	649.470
793.869	646.727
793.473	643.925
793.061	641.069
792.632	638.161
792.184	635.207
791.718	632.210
791.231	629.174
790.723	626.103
790.193	623.001
789.639	619.872
789.062	616.719
788.459	613.548
787.830	610.361
787.174	607.164
786.490	603.958
785.777	600.750
785.034	597.542
784.260	594.339
783.453	591.145
782.614	587.963
781.741	584.797
780.832	581.652
779.888	578.531
778.906	575.439
777.887	572.379
776.828	569.356
775.730	566.373
774.590	563.434
773.409	560.543
772.185	557.704
770.916	554.922
769.603	552.199
768.244	549.541
766.841	546.947
765.399	544.415
763.921	541.944
762.413	539.531
760.877	537.175
759.319	534.872
757.744	532.621
756.154	530.420
754.556	528.266
752.952	526.158
751.348	524.093
749.747	522.069
748.154	520.085
746.574	518.137
745.010	516.224
743.468	514.344
741.950	512.494
740.462	510.672
739.009	508.877
737.593	507.106
736.220	505.357
734.894	503.627
733.620	501.915
732.401	500.219
731.242	498.537
730.147	496.865
729.121	495.203
728.167	493.548
727.284	491.898
726.471	490.255
725.724	488.615
725.042	486.979
724.423	485.346
723.863	483.715
723.361	482.085
722.915	480.455
722.522	478.825
722.180	477.194
721.886	475.560
721.639	473.923
721.436	472.283
721.274	470.638
721.152	468.988
721.067	467.331
721.017	465.668
721.000	463.997
721.014	462.317
721.061	460.633
721.146	458.948
721.270	457.264
721.437	455.587
721.651	453.920
721.914	452.266
722.230	450.629
722.603	449.012
723.034	447.420
723.528	445.856
724.087	444.324
724.715	442.827
725.415	441.369
726.191	439.953
727.044	438.584
727.980	437.265
729.000	436.000
