X	Y
824.000	472.000
825.264	470.373
826.924	468.822
828.957	467.340
831.340	465.924
834.052	464.567
837.071	463.265
840.374	462.013
843.940	460.806
847.745	459.639
851.769	458.506
855.988	457.403
860.381	456.324
864.926	455.265
869.599	454.220
874.380	453.184
879.247	452.153
884.176	451.121
889.145	450.083
894.134	449.035
899.118	447.970
904.078	446.884
908.989	445.773
913.838	444.632
918.629	443.462
923.365	442.265
928.054	441.042
932.699	439.794
937.307	438.522
941.884	437.228
946.433	435.913
950.962	434.577
955.474	433.223
959.976	431.852
964.473	430.464
968.971	429.061
973.474	427.645
977.988	426.216
982.519	424.775
987.072	423.325
991.652	421.865
996.265	420.398
1000.916	418.925
1005.611	417.447
1010.355	415.965
1015.153	414.480
1020.011	412.993
1024.933	411.507
1029.927	410.022
1034.994	408.538
1040.128	407.057
1045.320	405.576
1050.560	404.097
1055.840	402.618
1061.149	401.139
1066.480	399.659
1071.822	398.179
1077.166	396.696
1082.504	395.212
1087.825	393.725
1093.122	392.236
1098.383	390.742
1103.601	389.245
1108.767	387.743
1113.870	386.236
1118.901	384.724
1123.852	383.206
1128.714	381.682
1133.476	380.151
1138.130	378.612
1142.666	377.065
1147.076	375.510
1151.350	373.947
1155.479	372.374
1159.453	370.791
1163.264	369.198
1166.902	367.594
1170.367	365.980
1173.674	364.362
1176.842	362.742
1179.888	361.126
1182.830	359.518
1185.686	357.923
1188.473	356.345
1191.210	354.789
1193.914	353.260
1196.603	351.761
1199.295	350.298
1202.008	348.875
1204.759	347.497
1207.566	346.168
1210.447	344.893
1213.420	343.676
1216.503	342.521
1219.713	341.434
1223.055	340.416
1226.524	339.464
1230.115	338.578
1233.823	337.755
1237.642	336.995
1241.567	336.295
1245.591	335.653
1249.710	335.069
1253.917	334.540
1258.209	334.064
1262.578	333.641
1267.020	333.268
1271.529	332.944
1276.099	332.667
1280.726	332.435
1285.403	332.247
1290.125	332.102
1294.887	331.996
1299.683	331.930
1304.508	331.901
1309.356	331.907
1314.221	331.947
1319.099	332.019
1323.981	332.124
1328.859	332.266
1333.721	332.451
1338.558	332.685
1343.358	332.972
1348.111	333.318
1352.806	333.729
1357.433	334.210
1361.982	334.766
1366.442	335.402
1370.803	336.125
1375.053	336.939
1379.184	337.850
1383.183	338.863
1387.040	339.984
1390.746	341.218
1394.289	342.571
1397.659	344.047
1400.846	345.653
1403.839	347.393
1406.627	349.273
1409.200	351.299
1411.548	353.475
1413.672	355.797
1415.574	358.256
1417.262	360.844
1418.740	363.551
1420.013	366.368
1421.087	369.286
1421.967	372.296
1422.657	375.388
1423.164	378.554
1423.492	381.784
1423.646	385.069
1423.632	388.400
1423.456	391.769
1423.121	395.165
1422.634	398.580
1421.999	402.005
1421.222	405.431
1420.310	408.856
1419.268	412.277
1418.104	415.692
1416.823	419.100
1415.432	422.498
1413.938	425.885
1412.347	429.258
1410.666	432.615
1408.901	435.954
1407.059	439.273
1405.145	442.570
1403.167	445.844
1401.132	449.091
1399.044	452.310
1396.912	455.500
1394.741	458.657
1392.538	461.780
1390.310	464.867
1388.063	467.916
1385.801	470.923
1383.524	473.884
1381.226	476.792
1378.906	479.638
1376.557	482.417
1374.178	485.122
1371.764	487.747
1369.311	490.283
1366.817	492.724
1364.276	495.065
1361.685	497.297
1359.041	499.413
1356.339	501.408
1353.576	503.275
1350.749	505.005
1347.853	506.594
1344.885	508.033
1341.840	509.316
1338.716	510.437
1335.512	511.393
1332.231	512.191
1328.877	512.834
1325.455	513.329
1321.967	513.682
1318.417	513.897
1314.810	513.980
1311.149	513.937
1307.438	513.773
1303.681	513.494
1299.882	513.104
1296.044	512.609
1292.171	512.016
1288.267	511.329
1284.336	510.553
1280.382	509.695
1276.409	508.759
1272.419	507.752
1268.418	506.678
1264.409	505.543
1260.393	504.353
1256.371	503.117
1252.341	501.841
1248.303	500.534
1244.256	499.202
1240.199	497.855
1236.132	496.499
1232.054	495.142
1227.964	493.792
1223.862	492.456
1219.747	491.143
1215.617	489.859
1211.473	488.614
1207.314	487.413
1203.138	486.266
1198.946	485.179
1194.736	484.160
1190.508	483.217
1186.261	482.359
1181.995	481.591
1177.708	480.923
1173.400	480.361
1169.070	479.914
1164.718	479.585
1160.343	479.371
1155.945	479.265
1151.523	479.263
1147.078	479.359
1142.608	479.549
1138.114	479.826
1133.595	480.186
1129.051	480.624
1124.481	481.133
1119.885	481.710
1115.263	482.348
1110.615	483.043
1105.939	483.790
1101.236	484.582
1096.506	485.415
1091.747	486.283
1086.960	487.182
1082.144	488.106
1077.299	489.049
1072.425	490.007
1067.521	490.975
1062.587	491.946
1057.622	492.916
1052.626	493.880
1047.600	494.833
1042.547	495.773
1037.470	496.700
1032.374	497.614
1027.264	498.514
1022.144	499.399
1017.018	500.270
1011.890	501.126
1006.766	501.967
1001.648	502.791
996.542	503.600
991.452	504.392
986.381	505.166
981.336	505.924
976.319	506.664
971.335	507.385
966.388	508.088
961.483	508.772
956.624	509.436
951.816	510.081
947.062	510.706
942.368	511.310
937.736	511.893
933.172	512.455
928.681	512.995
924.265	513.513
919.931	514.008
915.679	514.480
911.510	514.931
907.420	515.360
903.406	515.768
899.466	516.156
895.595	516.524
891.792	516.874
888.054	517.206
884.378	517.521
880.760	517.819
877.198	518.101
873.690	518.368
870.231	518.621
866.819	518.860
863.452	519.085
860.127	519.299
856.840	519.501
853.588	519.692
850.370	519.872
847.181	520.043
844.030	520.200
840.943	520.325
837.951	520.404
835.081	520.417
832.363	520.348
829.828	520.180
827.503	519.896
825.418	519.478
823.602	518.910
822.086	518.174
820.897	517.253
820.065	516.130
819.610	514.793
819.491	513.255
819.652	511.541
820.034	509.672
820.577	507.672
821.225	505.565
821.919	503.373
822.600	501.120
823.210	498.828
823.690	496.521
823.984	494.222
824.046	491.951
823.912	489.718
823.643	487.526
823.300	485.380
822.946	483.284
822.641	481.242
822.446	479.259
822.423	477.339
822.634	475.487
823.139	473.705
824.000	472.000
