X	Y
8.449	6.229
8.460	6.222
8.472	6.215
8.485	6.208
8.499	6.202
8.515	6.196
8.531	6.190
8.548	6.184
8.566	6.179
8.584	6.174
8.604	6.170
8.625	6.165
8.646	6.161
8.668	6.158
8.691	6.154
8.714	6.151
8.739	6.148
8.764	6.145
8.789	6.143
8.815	6.140
8.842	6.138
8.870	6.137
8.898	6.135
8.926	6.134
8.955	6.132
8.984	6.131
9.014	6.131
9.044	6.130
9.075	6.130
9.106	6.129
9.137	6.129
9.169	6.129
9.201	6.129
9.233	6.130
9.265	6.130
9.297	6.131
9.330	6.132
9.363	6.132
9.396	6.133
9.429	6.134
9.462	6.136
9.495	6.137
9.528	6.138
9.561	6.140
9.594	6.141
9.628	6.143
9.661	6.144
9.694	6.146
9.728	6.148
9.761	6.150
9.795	6.152
9.828	6.154
9.862	6.156
9.895	6.159
9.929	6.161
9.962	6.164
9.996	6.166
10.029	6.169
10.063	6.171
10.096	6.174
10.129	6.177
10.163	6.180
10.196	6.183
10.229	6.186
10.263	6.189
10.296	6.192
10.329	6.195
10.362	6.198
10.395	6.201
10.428	6.205
10.461	6.208
10.494	6.211
10.527	6.215
10.559	6.218
10.592	6.222
10.624	6.225
10.657	6.229
10.689	6.233
10.721	6.236
10.753	6.240
10.785	6.244
10.817	6.248
10.848	6.252
10.880	6.255
10.911	6.259
10.943	6.263
10.974	6.267
11.005	6.271
11.035	6.275
11.066	6.279
11.097	6.283
11.127	6.287
11.157	6.291
11.187	6.295
11.217	6.299
11.247	6.303
11.276	6.307
11.306	6.312
11.335	6.316
11.364	6.320
11.393	6.324
11.422	6.328
11.451	6.333
11.480	6.337
11.508	6.341
11.537	6.345
11.565	6.350
11.594	6.354
11.622	6.358
11.650	6.363
11.678	6.367
11.706	6.371
11.734	6.376
11.762	6.380
11.790	6.384
11.818	6.389
11.846	6.393
11.873	6.398
11.901	6.402
11.929	6.407
11.956	6.411
11.984	6.416
12.011	6.420
12.039	6.425
12.066	6.430
12.094	6.434
12.121	6.439
12.148	6.443
12.176	6.448
12.203	6.453
12.231	6.457
12.258	6.462
12.286	6.467
12.313	6.472
12.341	6.476
12.368	6.481
12.396	6.486
12.423	6.491
12.450	6.496
12.478	6.501
12.505	6.506
12.532	6.511
12.559	6.516
12.586	6.522
12.613	6.527
12.640	6.533
12.666	6.539
12.692	6.545
12.718	6.551
12.744	6.558
12.770	6.565
12.795	6.571
12.821	6.579
12.845	6.586
12.870	6.594
12.894	6.601
12.918	6.610
12.942	6.618
12.965	6.627
12.988	6.636
13.011	6.645
13.033	6.655
13.055	6.665
13.076	6.675
13.097	6.686
13.118	6.697
13.138	6.708
13.157	6.720
13.176	6.733
13.195	6.745
13.213	6.759
13.231	6.772
13.248	6.786
13.264	6.801
13.280	6.816
13.295	6.831
13.310	6.847
13.324	6.863
13.337	6.879
13.350	6.896
13.362	6.913
13.373	6.931
13.383	6.948
13.393	6.966
13.402	6.984
13.411	7.003
13.419	7.021
13.425	7.040
13.432	7.059
13.437	7.078
13.441	7.097
13.445	7.116
13.448	7.136
13.450	7.155
13.451	7.174
13.451	7.194
13.450	7.213
13.448	7.233
13.446	7.252
13.442	7.272
13.438	7.291
13.432	7.310
13.425	7.330
13.418	7.349
13.410	7.368
13.400	7.386
13.390	7.405
13.379	7.424
13.367	7.442
13.354	7.461
13.340	7.479
13.326	7.497
13.310	7.515
13.294	7.533
13.278	7.551
13.260	7.569
13.242	7.586
13.223	7.604
13.203	7.621
13.183	7.638
13.162	7.655
13.141	7.672
13.119	7.689
13.096	7.706
13.073	7.722
13.050	7.738
13.025	7.755
13.001	7.771
12.976	7.786
12.950	7.802
12.924	7.818
12.898	7.833
12.871	7.848
12.844	7.863
12.816	7.878
12.789	7.893
12.760	7.908
12.732	7.922
12.703	7.936
12.674	7.950
12.645	7.964
12.616	7.978
12.586	7.991
12.557	8.005
12.527	8.018
12.497	8.031
12.466	8.044
12.436	8.056
12.405	8.069
12.375	8.081
12.344	8.093
12.313	8.105
12.282	8.116
12.250	8.128
12.219	8.139
12.187	8.150
12.156	8.161
12.124	8.172
12.092	8.182
12.060	8.193
12.028	8.203
11.996	8.213
11.964	8.223
11.931	8.232
11.899	8.242
11.867	8.251
11.834	8.260
11.802	8.269
11.769	8.277
11.737	8.286
11.704	8.294
11.671	8.302
11.639	8.310
11.606	8.317
11.573	8.325
11.541	8.332
11.508	8.339
11.475	8.346
11.443	8.353
11.410	8.359
11.378	8.365
11.345	8.371
11.312	8.377
11.280	8.383
11.248	8.388
11.215	8.394
11.183	8.399
11.151	8.403
11.118	8.408
11.086	8.413
11.054	8.417
11.023	8.421
10.991	8.425
10.959	8.428
10.927	8.432
10.896	8.435
10.865	8.438
10.833	8.440
10.802	8.443
10.771	8.445
10.740	8.447
10.709	8.449
10.679	8.450
10.648	8.452
10.618	8.452
10.588	8.453
10.557	8.454
10.527	8.454
10.497	8.453
10.468	8.453
10.438	8.452
10.409	8.451
10.379	8.450
10.350	8.448
10.321	8.446
10.293	8.443
10.264	8.441
10.235	8.437
10.207	8.434
10.179	8.430
10.151	8.426
10.123	8.422
10.096	8.417
10.068	8.411
10.041	8.406
10.014	8.400
9.987	8.393
9.960	8.386
9.934	8.379
9.907	8.372
9.881	8.363
9.855	8.355
9.830	8.346
9.804	8.337
9.779	8.327
9.754	8.317
9.729	8.306
9.704	8.295
9.680	8.284
9.656	8.272
9.632	8.259
9.608	8.247
9.585	8.234
9.561	8.221
9.538	8.207
9.515	8.194
9.492	8.180
9.470	8.166
9.448	8.151
9.425	8.137
9.404	8.123
9.382	8.108
9.360	8.093
9.339	8.078
9.318	8.064
9.297	8.049
9.277	8.034
9.256	8.019
9.236	8.005
9.216	7.990
9.196	7.976
9.177	7.961
9.157	7.947
9.138	7.933
9.119	7.920
9.100	7.906
9.082	7.893
9.063	7.880
9.045	7.867
9.027	7.855
9.010	7.843
8.992	7.831
8.975	7.820
8.958	7.809
8.941	7.798
8.924	7.788
8.907	7.779
8.891	7.769
8.875	7.760
8.859	7.751
8.844	7.743
8.828	7.734
8.813	7.725
8.799	7.717
8.784	7.708
8.770	7.699
8.756	7.690
8.743	7.681
8.730	7.672
8.717	7.662
8.705	7.652
8.693	7.642
8.681	7.631
8.670	7.620
8.659	7.608
8.649	7.595
8.638	7.582
8.629	7.568
8.620	7.554
8.611	7.538
8.603	7.522
8.595	7.505
8.587	7.487
8.580	7.469
8.574	7.450
8.567	7.430
8.562	7.410
8.556	7.389
8.551	7.367
8.546	7.346
8.541	7.323
8.537	7.301
8.532	7.278
8.528	7.254
8.525	7.230
8.521	7.207
8.518	7.183
8.514	7.158
8.511	7.134
8.508	7.110
8.505	7.085
8.503	7.061
8.500	7.036
8.497	7.012
8.495	6.988
8.492	6.964
8.489	6.940
8.487	6.916
8.484	6.893
8.481	6.870
8.479	6.847
8.476	6.825
8.473	6.804
8.470	6.782
8.466	6.762
8.463	6.741
8.460	6.722
8.456	6.702
8.452	6.684
8.449	6.665
8.445	6.648
8.441	6.630
8.437	6.613
8.433	6.597
8.430	6.581
8.426	6.565
8.422	6.550
8.419	6.535
8.415	6.520
8.412	6.506
8.409	6.492
8.406	6.478
8.403	6.465
8.401	6.452
8.398	6.439
8.396	6.426
8.394	6.414
8.393	6.401
8.392	6.389
8.391	6.377
8.390	6.366
8.390	6.354
8.390	6.343
8.391	6.332
8.393	6.321
8.395	6.311
8.398	6.301
8.401	6.291
8.405	6.281
8.410	6.272
8.416	6.263
8.423	6.254
8.431	6.245
8.440	6.237
8.449	6.229
