X	Y
43.300	30.988
43.291	30.854
43.289	30.713
43.294	30.567
43.305	30.415
43.323	30.257
43.346	30.093
43.377	29.924
43.413	29.751
43.456	29.572
43.506	29.389
43.562	29.202
43.623	29.010
43.692	28.815
43.766	28.616
43.847	28.414
43.934	28.208
44.027	28.000
44.126	27.789
44.231	27.575
44.342	27.359
44.460	27.141
44.583	26.922
44.713	26.700
44.848	26.478
44.989	26.254
45.137	26.030
45.289	25.804
45.447	25.578
45.610	25.351
45.777	25.124
45.949	24.896
46.126	24.667
46.306	24.439
46.490	24.210
46.677	23.981
46.867	23.752
47.060	23.524
47.256	23.295
47.455	23.067
47.655	22.839
47.858	22.612
48.062	22.385
48.267	22.159
48.473	21.934
48.681	21.710
48.888	21.486
49.097	21.264
49.305	21.043
49.513	20.823
49.720	20.605
49.927	20.388
50.133	20.173
50.338	19.959
50.541	19.748
50.742	19.538
50.942	19.330
51.139	19.124
51.334	18.920
51.526	18.719
51.715	18.520
51.900	18.323
52.083	18.129
52.264	17.937
52.441	17.747
52.617	17.560
52.791	17.374
52.963	17.191
53.133	17.009
53.302	16.829
53.470	16.651
53.638	16.475
53.804	16.301
53.971	16.128
54.137	15.957
54.303	15.787
54.470	15.619
54.637	15.452
54.805	15.286
54.974	15.122
55.145	14.959
55.317	14.797
55.490	14.636
55.666	14.476
55.843	14.317
56.023	14.158
56.206	14.001
56.392	13.844
56.580	13.688
56.772	13.532
56.968	13.378
57.167	13.223
57.370	13.069
57.575	12.915
57.784	12.762
57.996	12.610
58.211	12.457
58.428	12.306
58.648	12.154
58.871	12.003
59.095	11.852
59.322	11.702
59.551	11.552
59.781	11.402
60.014	11.253
60.247	11.104
60.482	10.955
60.719	10.806
60.956	10.658
61.195	10.510
61.434	10.362
61.673	10.214
61.914	10.067
62.154	9.919
62.395	9.772
62.636	9.625
62.877	9.478
63.118	9.331
63.358	9.185
63.598	9.038
63.837	8.892
64.075	8.745
64.313	8.599
64.549	8.452
64.784	8.306
65.018	8.160
65.251	8.014
65.483	7.870
65.714	7.726
65.944	7.583
66.173	7.441
66.401	7.301
66.629	7.162
66.856	7.026
67.082	6.891
67.307	6.759
67.532	6.629
67.757	6.501
67.981	6.377
68.204	6.255
68.427	6.137
68.650	6.022
68.873	5.910
69.095	5.803
69.317	5.699
69.539	5.600
69.761	5.505
69.982	5.414
70.204	5.328
70.426	5.248
70.648	5.172
70.870	5.102
71.092	5.037
71.315	4.978
71.538	4.925
71.761	4.877
71.984	4.836
72.207	4.799
72.431	4.768
72.655	4.742
72.878	4.721
73.102	4.704
73.325	4.692
73.548	4.683
73.771	4.679
73.994	4.678
74.216	4.681
74.437	4.686
74.659	4.695
74.879	4.707
75.099	4.721
75.319	4.738
75.537	4.756
75.755	4.777
75.972	4.799
76.188	4.823
76.403	4.848
76.617	4.874
76.830	4.901
77.042	4.929
77.253	4.957
77.462	4.985
77.670	5.013
77.875	5.043
78.079	5.072
78.279	5.103
78.477	5.136
78.672	5.169
78.862	5.204
79.049	5.242
79.232	5.281
79.409	5.323
79.582	5.367
79.749	5.414
79.911	5.464
80.066	5.517
80.215	5.573
80.358	5.633
80.493	5.697
80.621	5.766
80.741	5.838
80.852	5.915
80.956	5.997
81.051	6.083
81.137	6.175
81.215	6.272
81.285	6.374
81.348	6.482
81.402	6.595
81.449	6.714
81.488	6.840
81.520	6.971
81.545	7.109
81.563	7.253
81.574	7.404
81.579	7.562
81.577	7.727
81.568	7.899
81.553	8.078
81.533	8.264
81.506	8.457
81.474	8.658
81.436	8.864
81.393	9.077
81.345	9.296
81.292	9.521
81.235	9.751
81.173	9.986
81.107	10.226
81.037	10.471
80.963	10.720
80.885	10.973
80.804	11.230
80.720	11.491
80.632	11.755
80.542	12.022
80.450	12.292
80.354	12.565
80.257	12.840
80.157	13.117
80.056	13.395
79.953	13.675
79.849	13.957
79.744	14.239
79.637	14.522
79.530	14.806
79.422	15.089
79.313	15.373
79.205	15.656
79.096	15.939
78.988	16.221
78.880	16.501
78.772	16.781
78.665	17.060
78.559	17.337
78.453	17.613
78.347	17.888
78.242	18.162
78.138	18.435
78.034	18.707
77.931	18.977
77.829	19.247
77.727	19.515
77.626	19.782
77.526	20.048
77.427	20.312
77.329	20.576
77.232	20.838
77.135	21.099
77.040	21.359
76.946	21.618
76.853	21.875
76.761	22.131
76.670	22.386
76.580	22.640
76.491	22.892
76.404	23.144
76.317	23.394
76.233	23.642
76.149	23.890
76.067	24.136
75.986	24.381
75.907	24.625
75.829	24.867
75.753	25.108
75.678	25.348
75.604	25.586
75.532	25.823
75.460	26.059
75.390	26.293
75.319	26.525
75.250	26.756
75.180	26.985
75.111	27.213
75.042	27.439
74.972	27.663
74.902	27.885
74.832	28.105
74.760	28.323
74.688	28.539
74.614	28.754
74.540	28.966
74.464	29.176
74.386	29.383
74.306	29.589
74.225	29.792
74.141	29.993
74.055	30.192
73.967	30.388
73.875	30.581
73.782	30.772
73.685	30.961
73.584	31.147
73.481	31.330
73.374	31.510
73.265	31.687
73.152	31.862
73.035	32.033
72.916	32.200
72.793	32.364
72.668	32.525
72.539	32.682
72.407	32.834
72.272	32.983
72.134	33.128
71.992	33.268
71.848	33.405
71.701	33.536
71.551	33.663
71.398	33.785
71.241	33.902
71.082	34.015
70.920	34.122
70.755	34.223
70.587	34.320
70.417	34.410
70.243	34.495
70.067	34.575
69.888	34.648
69.706	34.717
69.522	34.779
69.336	34.837
69.147	34.889
68.956	34.936
68.763	34.978
68.568	35.015
68.371	35.047
68.172	35.074
67.972	35.096
67.770	35.114
67.567	35.127
67.362	35.136
67.156	35.141
66.949	35.141
66.741	35.137
66.532	35.129
66.323	35.116
66.112	35.100
65.901	35.081
65.689	35.057
65.477	35.030
65.265	34.999
65.052	34.965
64.839	34.928
64.625	34.888
64.411	34.845
64.196	34.800
63.981	34.753
63.765	34.704
63.548	34.654
63.331	34.602
63.113	34.549
62.894	34.495
62.674	34.440
62.453	34.384
62.232	34.329
62.009	34.273
61.786	34.218
61.561	34.163
61.336	34.108
61.109	34.055
60.881	34.003
60.652	33.952
60.422	33.903
60.191	33.855
59.958	33.810
59.723	33.767
59.488	33.727
59.251	33.689
59.012	33.654
58.773	33.622
58.532	33.593
58.291	33.566
58.049	33.542
57.807	33.521
57.564	33.502
57.322	33.486
57.079	33.472
56.837	33.461
56.595	33.452
56.354	33.446
56.113	33.442
55.874	33.440
55.636	33.441
55.399	33.444
55.164	33.449
54.930	33.457
54.699	33.466
54.469	33.478
54.242	33.491
54.017	33.507
53.795	33.525
53.575	33.544
53.359	33.566
53.145	33.589
52.935	33.615
52.729	33.642
52.526	33.670
52.326	33.701
52.130	33.732
51.936	33.764
51.745	33.796
51.556	33.829
51.369	33.861
51.184	33.893
51.001	33.925
50.819	33.955
50.638	33.984
50.458	34.011
50.278	34.037
50.099	34.060
49.920	34.081
49.741	34.099
49.562	34.113
49.382	34.125
49.201	34.133
49.019	34.136
48.836	34.136
48.651	34.130
48.464	34.120
48.276	34.106
48.086	34.087
47.896	34.064
47.704	34.039
47.513	34.010
47.322	33.980
47.131	33.948
46.942	33.916
46.753	33.882
46.567	33.849
46.382	33.816
46.199	33.784
46.020	33.754
45.843	33.726
45.670	33.701
45.500	33.678
45.335	33.660
45.175	33.645
45.019	33.635
44.868	33.630
44.724	33.631
44.585	33.638
44.453	33.650
44.327	33.664
44.210	33.679
44.101	33.694
44.001	33.705
43.910	33.712
43.829	33.712
43.758	33.704
43.699	33.685
43.651	33.655
43.616	33.610
43.592	33.551
43.579	33.479
43.574	33.396
43.575	33.303
43.582	33.202
43.592	33.095
43.603	32.983
43.615	32.868
43.625	32.752
43.631	32.635
43.632	32.520
43.626	32.408
43.614	32.300
43.595	32.195
43.572	32.091
43.545	31.988
43.515	31.886
43.483	31.783
43.451	31.679
43.419	31.574
43.388	31.465
43.360	31.353
43.335	31.236
43.315	31.115
43.300	30.988
