X	Y
16.176	9.779
16.209	9.725
16.243	9.671
16.278	9.617
16.315	9.564
16.354	9.511
16.394	9.458
16.436	9.407
16.480	9.356
16.526	9.306
16.573	9.258
16.623	9.211
16.675	9.165
16.729	9.121
16.786	9.079
16.844	9.039
16.906	9.000
16.969	8.964
17.036	8.930
17.105	8.898
17.177	8.869
17.252	8.843
17.330	8.820
17.410	8.799
17.494	8.781
17.580	8.766
17.669	8.754
17.760	8.744
17.853	8.736
17.949	8.731
18.046	8.728
18.145	8.728
18.246	8.729
18.348	8.732
18.451	8.737
18.555	8.744
18.661	8.753
18.767	8.763
18.874	8.774
18.981	8.787
19.089	8.802
19.197	8.817
19.304	8.833
19.412	8.851
19.520	8.869
19.627	8.888
19.733	8.908
19.839	8.928
19.944	8.949
20.047	8.970
20.150	8.992
20.251	9.014
20.351	9.036
20.449	9.057
20.545	9.079
20.639	9.101
20.731	9.122
20.821	9.144
20.910	9.165
20.997	9.187
21.082	9.208
21.166	9.230
21.248	9.252
21.329	9.274
21.409	9.297
21.487	9.320
21.565	9.344
21.641	9.368
21.716	9.393
21.791	9.418
21.865	9.445
21.938	9.472
22.010	9.500
22.082	9.528
22.154	9.558
22.225	9.589
22.296	9.621
22.366	9.654
22.437	9.689
22.507	9.725
22.578	9.762
22.648	9.800
22.719	9.840
22.790	9.882
22.860	9.924
22.931	9.968
23.001	10.013
23.071	10.060
23.140	10.107
23.209	10.155
23.277	10.204
23.344	10.254
23.410	10.305
23.476	10.357
23.540	10.409
23.603	10.462
23.665	10.515
23.725	10.569
23.784	10.623
23.842	10.678
23.897	10.733
23.951	10.788
24.003	10.844
24.053	10.899
24.101	10.955
24.147	11.010
24.190	11.065
24.232	11.121
24.270	11.176
24.307	11.231
24.341	11.286
24.374	11.341
24.404	11.397
24.432	11.452
24.458	11.508
24.482	11.564
24.504	11.621
24.524	11.678
24.543	11.735
24.560	11.793
24.575	11.852
24.588	11.911
24.600	11.971
24.611	12.031
24.620	12.093
24.627	12.155
24.633	12.219
24.638	12.283
24.642	12.348
24.644	12.414
24.646	12.481
24.646	12.548
24.645	12.617
24.644	12.685
24.642	12.754
24.638	12.824
24.635	12.893
24.630	12.963
24.625	13.034
24.619	13.104
24.613	13.174
24.607	13.244
24.600	13.314
24.593	13.384
24.586	13.454
24.579	13.523
24.572	13.592
24.564	13.660
24.557	13.728
24.550	13.795
24.543	13.861
24.536	13.927
24.528	13.992
24.520	14.056
24.511	14.120
24.502	14.183
24.492	14.246
24.481	14.307
24.469	14.368
24.455	14.428
24.440	14.488
24.424	14.547
24.406	14.605
24.387	14.662
24.365	14.719
24.342	14.775
24.316	14.830
24.288	14.884
24.258	14.938
24.225	14.991
24.190	15.043
24.152	15.094
24.112	15.144
24.071	15.194
24.027	15.243
23.982	15.290
23.935	15.337
23.886	15.383
23.836	15.428
23.785	15.472
23.732	15.515
23.679	15.557
23.624	15.597
23.568	15.637
23.512	15.676
23.455	15.713
23.398	15.750
23.340	15.785
23.282	15.819
23.224	15.852
23.166	15.883
23.108	15.914
23.050	15.944
22.992	15.973
22.935	16.002
22.879	16.031
22.824	16.060
22.769	16.088
22.716	16.118
22.664	16.147
22.614	16.178
22.564	16.210
22.517	16.242
22.472	16.276
22.428	16.312
22.387	16.349
22.348	16.388
22.311	16.430
22.277	16.473
22.246	16.520
22.217	16.568
22.190	16.619
22.166	16.671
22.143	16.726
22.122	16.782
22.103	16.840
22.085	16.899
22.069	16.959
22.053	17.021
22.038	17.083
22.024	17.146
22.010	17.210
21.996	17.274
21.982	17.339
21.969	17.403
21.955	17.468
21.940	17.532
21.925	17.596
21.908	17.659
21.891	17.722
21.873	17.784
21.853	17.845
21.832	17.905
21.810	17.964
21.786	18.022
21.760	18.078
21.734	18.133
21.705	18.187
21.675	18.239
21.643	18.289
21.609	18.337
21.573	18.383
21.535	18.426
21.494	18.468
21.452	18.507
21.408	18.544
21.361	18.578
21.312	18.610
21.260	18.639
21.206	18.665
21.150	18.689
21.092	18.710
21.032	18.728
20.970	18.745
20.907	18.759
20.842	18.772
20.776	18.782
20.708	18.790
20.640	18.797
20.570	18.802
20.500	18.805
20.430	18.807
20.358	18.808
20.286	18.807
20.215	18.805
20.142	18.802
20.070	18.797
19.999	18.792
19.927	18.787
19.856	18.780
19.785	18.773
19.715	18.765
19.645	18.756
19.576	18.746
19.508	18.735
19.440	18.723
19.373	18.711
19.307	18.697
19.241	18.682
19.176	18.665
19.112	18.648
19.049	18.629
18.987	18.609
18.926	18.588
18.865	18.565
18.806	18.540
18.748	18.514
18.691	18.487
18.635	18.458
18.580	18.427
18.526	18.395
18.474	18.360
18.422	18.324
18.372	18.287
18.322	18.247
18.273	18.205
18.226	18.162
18.178	18.116
18.132	18.069
18.086	18.020
18.041	17.968
17.996	17.915
17.951	17.860
17.907	17.802
17.862	17.742
17.818	17.680
17.775	17.616
17.731	17.550
17.687	17.482
17.643	17.411
17.598	17.338
17.554	17.262
17.509	17.184
17.463	17.104
17.418	17.022
17.371	16.937
17.325	16.850
17.278	16.762
17.231	16.671
17.184	16.579
17.136	16.485
17.089	16.389
17.041	16.293
16.993	16.195
16.945	16.095
16.897	15.995
16.849	15.894
16.802	15.792
16.754	15.690
16.706	15.587
16.659	15.483
16.611	15.379
16.564	15.275
16.518	15.171
16.471	15.066
16.425	14.962
16.379	14.858
16.334	14.755
16.289	14.652
16.244	14.550
16.200	14.448
16.157	14.347
16.114	14.247
16.072	14.148
16.031	14.051
15.990	13.954
15.950	13.859
15.910	13.766
15.872	13.674
15.834	13.584
15.797	13.495
15.762	13.408
15.727	13.323
15.694	13.238
15.661	13.156
15.631	13.074
15.601	12.994
15.573	12.916
15.546	12.838
15.521	12.762
15.497	12.687
15.476	12.614
15.456	12.542
15.437	12.470
15.421	12.400
15.407	12.331
15.395	12.263
15.384	12.196
15.376	12.130
15.371	12.066
15.367	12.002
15.366	11.939
15.367	11.876
15.371	11.815
15.378	11.755
15.386	11.695
15.397	11.636
15.409	11.577
15.423	11.520
15.439	11.463
15.456	11.406
15.475	11.350
15.495	11.294
15.516	11.239
15.537	11.184
15.560	11.129
15.583	11.075
15.606	11.021
15.629	10.967
15.653	10.913
15.677	10.859
15.700	10.805
15.723	10.751
15.746	10.698
15.768	10.644
15.791	10.590
15.814	10.536
15.836	10.482
15.859	10.428
15.882	10.374
15.905	10.320
15.929	10.266
15.954	10.212
15.978	10.158
16.004	10.104
16.030	10.050
16.058	9.996
16.086	9.942
16.115	9.888
16.145	9.834
16.176	9.779
