X	Y
77.710	144.782
77.878	144.637
78.084	144.508
78.326	144.394
78.602	144.294
78.910	144.208
79.248	144.134
79.613	144.072
80.003	144.020
80.416	143.979
80.849	143.947
81.301	143.924
81.769	143.908
82.250	143.899
82.743	143.896
83.245	143.898
83.755	143.904
84.269	143.914
84.785	143.926
85.301	143.940
85.816	143.955
86.327	143.971
86.835	143.987
87.338	144.005
87.838	144.025
88.333	144.046
88.825	144.070
89.312	144.097
89.794	144.126
90.271	144.159
90.744	144.195
91.212	144.236
91.674	144.281
92.131	144.330
92.583	144.385
93.028	144.445
93.469	144.511
93.903	144.583
94.331	144.661
94.752	144.746
95.168	144.838
95.576	144.938
95.978	145.045
96.373	145.161
96.761	145.285
97.142	145.416
97.516	145.554
97.881	145.700
98.239	145.853
98.589	146.012
98.931	146.177
99.265	146.349
99.590	146.526
99.906	146.709
100.214	146.897
100.513	147.090
100.802	147.288
101.082	147.490
101.352	147.696
101.613	147.906
101.864	148.119
102.105	148.336
102.337	148.557
102.560	148.781
102.776	149.010
102.985	149.244
103.189	149.482
103.387	149.726
103.582	149.976
103.774	150.231
103.963	150.494
104.151	150.762
104.338	151.038
104.526	151.322
104.715	151.613
104.906	151.912
105.100	152.219
105.296	152.535
105.494	152.857
105.690	153.185
105.882	153.515
106.069	153.848
106.248	154.180
106.417	154.511
106.574	154.839
106.716	155.162
106.842	155.478
106.949	155.787
107.035	156.086
107.098	156.373
107.135	156.648
107.146	156.908
107.126	157.152
107.077	157.378
107.002	157.590
106.907	157.787
106.798	157.973
106.680	158.150
106.558	158.318
106.439	158.481
106.327	158.641
106.229	158.798
106.149	158.956
106.092	159.116
106.057	159.276
106.041	159.438
106.042	159.600
106.058	159.762
106.087	159.923
106.127	160.082
106.176	160.240
106.232	160.396
106.294	160.550
106.361	160.703
106.432	160.856
106.505	161.008
106.580	161.161
106.655	161.314
106.729	161.468
106.800	161.623
106.863	161.779
106.912	161.934
106.942	162.087
106.947	162.237
106.923	162.383
106.863	162.525
106.764	162.661
106.629	162.792
106.464	162.920
106.276	163.047
106.070	163.174
105.853	163.302
105.632	163.433
105.412	163.568
105.199	163.710
105.000	163.860
104.821	164.018
104.669	164.188
104.543	164.366
104.441	164.553
104.361	164.745
104.301	164.941
104.259	165.138
104.231	165.334
104.216	165.527
104.212	165.716
104.216	165.897
104.226	166.070
104.243	166.236
104.267	166.396
104.299	166.552
104.339	166.705
104.387	166.857
104.444	167.010
104.511	167.164
104.586	167.320
104.669	167.479
104.755	167.640
104.843	167.801
104.930	167.963
105.014	168.125
105.092	168.287
105.161	168.447
105.220	168.605
105.265	168.760
105.294	168.912
105.306	169.058
105.296	169.198
105.264	169.329
105.206	169.452
105.121	169.564
105.010	169.668
104.878	169.764
104.726	169.855
104.560	169.942
104.383	170.029
104.198	170.117
104.009	170.208
103.820	170.304
103.634	170.407
103.454	170.518
103.282	170.638
103.122	170.768
102.975	170.907
102.845	171.058
102.733	171.219
102.643	171.394
102.578	171.581
102.538	171.781
102.526	171.996
102.540	172.222
102.578	172.459
102.639	172.706
102.720	172.962
102.821	173.225
102.939	173.493
103.074	173.766
103.222	174.043
103.383	174.321
103.555	174.600
103.737	174.878
103.925	175.155
104.120	175.428
104.321	175.699
104.526	175.967
104.736	176.232
104.950	176.497
105.169	176.759
105.391	177.021
105.616	177.281
105.844	177.542
106.074	177.803
106.307	178.063
106.541	178.325
106.776	178.588
107.013	178.852
107.250	179.119
107.487	179.387
107.724	179.658
107.960	179.932
108.192	180.207
108.419	180.481
108.636	180.753
108.842	181.021
109.035	181.284
109.210	181.540
109.367	181.788
109.501	182.025
109.611	182.250
109.695	182.463
109.748	182.660
109.770	182.840
109.757	183.003
109.708	183.146
109.626	183.267
109.512	183.365
109.370	183.439
109.200	183.487
109.006	183.507
108.789	183.498
108.552	183.458
108.297	183.390
108.027	183.295
107.745	183.176
107.454	183.035
107.157	182.874
106.855	182.696
106.553	182.502
106.253	182.294
105.957	182.076
105.668	181.849
105.390	181.614
105.125	181.376
104.876	181.135
104.645	180.894
104.435	180.655
104.248	180.420
104.079	180.190
103.926	179.965
103.783	179.746
103.649	179.535
103.520	179.331
103.391	179.137
103.259	178.952
103.121	178.777
102.974	178.614
102.812	178.463
102.634	178.324
102.437	178.199
102.226	178.089
102.003	177.993
101.773	177.913
101.538	177.848
101.303	177.801
101.071	177.770
100.846	177.757
100.631	177.763
100.430	177.788
100.246	177.832
100.081	177.894
99.931	177.974
99.793	178.068
99.664	178.174
99.542	178.290
99.424	178.415
99.306	178.544
99.187	178.678
99.062	178.811
98.933	178.937
98.798	179.049
98.657	179.141
98.509	179.204
98.354	179.233
98.190	179.219
98.019	179.158
97.839	179.049
97.652	178.900
97.459	178.719
97.261	178.514
97.060	178.294
96.856	178.066
96.651	177.839
96.446	177.620
96.242	177.418
96.041	177.240
95.842	177.095
95.649	176.991
95.461	176.934
95.279	176.923
95.103	176.950
94.934	177.010
94.770	177.096
94.614	177.201
94.464	177.319
94.320	177.443
94.183	177.568
94.052	177.688
93.924	177.798
93.794	177.896
93.660	177.978
93.517	178.040
93.364	178.079
93.195	178.091
93.009	178.072
92.804	178.023
92.586	177.944
92.357	177.840
92.120	177.712
91.880	177.562
91.640	177.393
91.404	177.207
91.174	177.006
90.955	176.793
90.751	176.569
90.564	176.338
90.399	176.102
90.258	175.862
90.140	175.622
90.041	175.384
89.955	175.150
89.876	174.922
89.801	174.703
89.723	174.496
89.638	174.302
89.540	174.125
89.424	173.966
89.286	173.829
89.120	173.715
88.927	173.622
88.711	173.546
88.478	173.483
88.232	173.427
87.976	173.374
87.716	173.319
87.457	173.258
87.202	173.186
86.957	173.098
86.725	172.990
86.512	172.858
86.321	172.696
86.153	172.505
86.006	172.286
85.877	172.040
85.764	171.771
85.666	171.480
85.579	171.167
85.503	170.837
85.434	170.489
85.371	170.126
85.312	169.750
85.254	169.362
85.195	168.964
85.133	168.559
85.066	168.148
84.992	167.732
84.908	167.314
84.814	166.895
84.709	166.474
84.596	166.053
84.473	165.631
84.342	165.207
84.204	164.782
84.060	164.356
83.909	163.929
83.754	163.500
83.594	163.070
83.430	162.639
83.263	162.207
83.094	161.773
82.923	161.337
82.752	160.901
82.580	160.462
82.409	160.023
82.239	159.581
82.071	159.138
81.906	158.694
81.744	158.248
81.587	157.800
81.434	157.350
81.285	156.901
81.140	156.453
80.999	156.007
80.860	155.565
80.723	155.129
80.587	154.699
80.453	154.277
80.319	153.865
80.186	153.464
80.051	153.075
79.916	152.699
79.779	152.339
79.640	151.995
79.498	151.669
79.353	151.362
79.204	151.076
79.051	150.812
78.893	150.571
78.729	150.354
78.562	150.161
78.394	149.988
78.229	149.830
78.069	149.685
77.918	149.548
77.778	149.416
77.654	149.284
77.548	149.150
77.463	149.009
77.402	148.859
77.364	148.698
77.347	148.529
77.345	148.355
77.355	148.178
77.373	148.002
77.396	147.828
77.420	147.660
77.440	147.499
77.454	147.347
77.463	147.200
77.467	147.056
77.465	146.910
77.459	146.762
77.448	146.606
77.432	146.440
77.413	146.263
77.395	146.077
77.382	145.884
77.381	145.688
77.395	145.493
77.430	145.302
77.491	145.117
77.583	144.943
77.710	144.782
