X	Y
77.572	142.284
77.624	142.123
77.689	141.952
77.765	141.770
77.852	141.578
77.950	141.377
78.058	141.167
78.176	140.948
78.302	140.721
78.437	140.486
78.580	140.244
78.730	139.995
78.887	139.740
79.050	139.479
79.220	139.212
79.394	138.940
79.574	138.664
79.757	138.383
79.945	138.099
80.135	137.811
80.329	137.521
80.524	137.228
80.721	136.933
80.920	136.637
81.118	136.339
81.318	136.041
81.517	135.742
81.718	135.442
81.918	135.142
82.120	134.841
82.322	134.540
82.526	134.238
82.731	133.935
82.936	133.632
83.144	133.329
83.352	133.026
83.562	132.722
83.774	132.418
83.988	132.114
84.204	131.810
84.421	131.505
84.641	131.201
84.863	130.897
85.087	130.593
85.314	130.289
85.543	129.986
85.775	129.682
86.010	129.379
86.248	129.077
86.489	128.774
86.733	128.472
86.980	128.171
87.231	127.870
87.485	127.570
87.742	127.271
88.004	126.972
88.269	126.674
88.538	126.377
88.810	126.081
89.085	125.786
89.363	125.493
89.645	125.201
89.929	124.910
90.217	124.621
90.506	124.334
90.799	124.049
91.093	123.765
91.390	123.484
91.690	123.205
91.991	122.928
92.294	122.653
92.598	122.382
92.905	122.112
93.213	121.846
93.522	121.583
93.832	121.322
94.144	121.065
94.456	120.811
94.769	120.560
95.083	120.313
95.398	120.069
95.713	119.830
96.028	119.593
96.344	119.361
96.660	119.133
96.975	118.909
97.290	118.690
97.606	118.475
97.920	118.264
98.234	118.058
98.548	117.857
98.861	117.660
99.174	117.467
99.486	117.279
99.797	117.096
100.108	116.917
100.419	116.743
100.728	116.573
101.038	116.408
101.347	116.247
101.655	116.090
101.963	115.938
102.270	115.791
102.576	115.648
102.882	115.510
103.187	115.376
103.492	115.246
103.796	115.121
104.100	115.000
104.402	114.884
104.705	114.772
105.006	114.665
105.307	114.562
105.607	114.463
105.907	114.369
106.206	114.279
106.504	114.194
106.802	114.113
107.098	114.036
107.394	113.964
107.689	113.896
107.983	113.832
108.276	113.773
108.567	113.718
108.858	113.667
109.147	113.621
109.434	113.579
109.720	113.541
110.005	113.508
110.288	113.479
110.569	113.454
110.849	113.434
111.126	113.418
111.402	113.406
111.676	113.398
111.947	113.395
112.217	113.395
112.484	113.400
112.749	113.410
113.012	113.423
113.272	113.441
113.529	113.464
113.782	113.492
114.030	113.526
114.272	113.566
114.509	113.612
114.738	113.666
114.960	113.728
115.174	113.798
115.378	113.876
115.573	113.964
115.758	114.061
115.931	114.168
116.092	114.286
116.241	114.415
116.377	114.555
116.498	114.708
116.605	114.873
116.697	115.050
116.774	115.239
116.838	115.439
116.889	115.648
116.928	115.867
116.955	116.094
116.972	116.328
116.978	116.568
116.974	116.814
116.962	117.064
116.942	117.318
116.914	117.575
116.879	117.835
116.839	118.095
116.792	118.355
116.741	118.615
116.686	118.874
116.628	119.130
116.566	119.383
116.503	119.633
116.438	119.878
116.371	120.120
116.303	120.360
116.233	120.597
116.163	120.832
116.091	121.066
116.020	121.298
115.948	121.529
115.876	121.761
115.804	121.992
115.732	122.224
115.661	122.456
115.591	122.690
115.522	122.926
115.455	123.164
115.388	123.404
115.324	123.648
115.261	123.895
115.201	124.145
115.143	124.400
115.087	124.659
115.033	124.922
114.982	125.188
114.932	125.458
114.883	125.730
114.836	126.004
114.790	126.281
114.744	126.559
114.700	126.839
114.655	127.119
114.611	127.400
114.567	127.682
114.523	127.963
114.478	128.244
114.433	128.524
114.387	128.803
114.340	129.080
114.291	129.355
114.241	129.628
114.190	129.899
114.136	130.167
114.080	130.431
114.022	130.692
113.962	130.949
113.899	131.203
113.833	131.455
113.765	131.705
113.695	131.953
113.622	132.200
113.546	132.446
113.467	132.691
113.386	132.937
113.302	133.183
113.215	133.430
113.125	133.679
113.032	133.929
112.936	134.182
112.837	134.437
112.736	134.696
112.631	134.958
112.522	135.224
112.411	135.495
112.297	135.770
112.179	136.051
112.058	136.337
111.933	136.629
111.806	136.926
111.676	137.227
111.543	137.531
111.409	137.839
111.272	138.148
111.133	138.459
110.993	138.771
110.851	139.083
110.708	139.395
110.565	139.705
110.421	140.014
110.276	140.320
110.131	140.622
109.986	140.921
109.842	141.215
109.698	141.504
109.555	141.787
109.413	142.064
109.272	142.333
109.132	142.594
108.994	142.846
108.859	143.090
108.725	143.323
108.593	143.545
108.465	143.756
108.338	143.956
108.214	144.145
108.089	144.323
107.965	144.491
107.840	144.649
107.712	144.799
107.582	144.939
107.448	145.072
107.310	145.197
107.166	145.315
107.015	145.426
106.858	145.531
106.693	145.630
106.518	145.725
106.334	145.814
106.140	145.900
105.934	145.981
105.717	146.059
105.489	146.133
105.252	146.204
105.006	146.271
104.750	146.334
104.486	146.393
104.214	146.449
103.935	146.501
103.649	146.550
103.356	146.595
103.057	146.637
102.753	146.675
102.444	146.709
102.130	146.740
101.812	146.768
101.491	146.792
101.167	146.812
100.841	146.829
100.512	146.843
100.182	146.853
99.851	146.860
99.519	146.863
99.187	146.863
98.856	146.860
98.525	146.853
98.195	146.844
97.865	146.832
97.536	146.817
97.208	146.799
96.880	146.779
96.553	146.757
96.227	146.733
95.901	146.708
95.577	146.680
95.253	146.651
94.931	146.621
94.610	146.589
94.289	146.557
93.970	146.523
93.652	146.489
93.336	146.455
93.020	146.420
92.706	146.385
92.393	146.350
92.082	146.315
91.772	146.280
91.464	146.246
91.158	146.212
90.853	146.180
90.549	146.148
90.248	146.118
89.948	146.088
89.651	146.060
89.356	146.032
89.063	146.006
88.773	145.981
88.485	145.957
88.200	145.934
87.919	145.913
87.640	145.893
87.364	145.874
87.092	145.856
86.824	145.840
86.559	145.824
86.298	145.811
86.041	145.798
85.789	145.787
85.540	145.777
85.296	145.769
85.056	145.762
84.822	145.756
84.592	145.752
84.367	145.750
84.146	145.748
83.931	145.748
83.719	145.748
83.512	145.749
83.308	145.751
83.109	145.753
82.913	145.755
82.720	145.757
82.530	145.759
82.344	145.760
82.160	145.761
81.978	145.760
81.799	145.759
81.622	145.757
81.448	145.753
81.274	145.748
81.103	145.740
80.933	145.731
80.763	145.721
80.595	145.708
80.427	145.692
80.260	145.675
80.093	145.654
79.926	145.631
79.759	145.606
79.591	145.577
79.423	145.545
79.254	145.511
79.084	145.472
78.913	145.431
78.742	145.385
78.574	145.336
78.410	145.282
78.251	145.224
78.100	145.161
77.959	145.093
77.828	145.020
77.710	144.942
77.606	144.858
77.519	144.768
77.449	144.672
77.399	144.569
77.367	144.461
77.350	144.348
77.346	144.232
77.352	144.113
77.365	143.992
77.383	143.871
77.402	143.750
77.420	143.631
77.435	143.514
77.444	143.401
77.449	143.289
77.453	143.177
77.455	143.064
77.460	142.949
77.468	142.830
77.481	142.705
77.502	142.574
77.531	142.434
77.572	142.284
