X	Y
11.777	5.716
11.788	5.709
11.800	5.701
11.813	5.695
11.827	5.688
11.842	5.682
11.858	5.676
11.875	5.671
11.893	5.666
11.912	5.661
11.932	5.657
11.952	5.652
11.974	5.649
11.997	5.645
12.020	5.642
12.044	5.639
12.069	5.636
12.095	5.633
12.122	5.631
12.149	5.629
12.178	5.627
12.207	5.626
12.236	5.624
12.267	5.623
12.298	5.622
12.330	5.621
12.362	5.620
12.395	5.620
12.429	5.619
12.463	5.619
12.498	5.619
12.534	5.619
12.570	5.619
12.607	5.619
12.644	5.619
12.681	5.619
12.719	5.619
12.758	5.620
12.797	5.620
12.837	5.620
12.877	5.621
12.917	5.621
12.958	5.622
12.999	5.622
13.040	5.622
13.082	5.623
13.124	5.623
13.167	5.623
13.210	5.624
13.253	5.624
13.296	5.624
13.340	5.624
13.383	5.624
13.427	5.623
13.472	5.623
13.516	5.622
13.560	5.622
13.605	5.621
13.650	5.620
13.695	5.619
13.740	5.618
13.785	5.616
13.830	5.615
13.875	5.613
13.921	5.611
13.966	5.609
14.011	5.607
14.057	5.605
14.103	5.602
14.148	5.600
14.194	5.597
14.240	5.594
14.285	5.591
14.331	5.588
14.377	5.585
14.423	5.582
14.469	5.578
14.515	5.575
14.561	5.571
14.607	5.568
14.652	5.564
14.698	5.560
14.744	5.556
14.790	5.552
14.836	5.548
14.882	5.544
14.928	5.540
14.973	5.536
15.019	5.532
15.065	5.527
15.110	5.523
15.156	5.519
15.201	5.515
15.246	5.510
15.292	5.506
15.337	5.501
15.382	5.497
15.427	5.492
15.472	5.488
15.517	5.484
15.562	5.479
15.606	5.475
15.651	5.470
15.695	5.466
15.739	5.462
15.784	5.457
15.828	5.453
15.871	5.449
15.915	5.444
15.959	5.440
16.002	5.436
16.045	5.432
16.088	5.428
16.131	5.424
16.174	5.420
16.216	5.416
16.259	5.412
16.301	5.409
16.343	5.405
16.384	5.402
16.426	5.398
16.467	5.395
16.508	5.392
16.549	5.388
16.590	5.385
16.630	5.383
16.670	5.380
16.710	5.377
16.750	5.375
16.789	5.372
16.828	5.370
16.867	5.368
16.905	5.366
16.944	5.364
16.982	5.362
17.019	5.361
17.057	5.359
17.094	5.358
17.131	5.357
17.167	5.356
17.203	5.356
17.239	5.355
17.275	5.355
17.310	5.354
17.345	5.354
17.380	5.354
17.415	5.354
17.449	5.355
17.483	5.355
17.517	5.356
17.551	5.357
17.584	5.357
17.617	5.358
17.650	5.359
17.682	5.361
17.715	5.362
17.747	5.363
17.779	5.365
17.811	5.366
17.843	5.368
17.874	5.370
17.905	5.372
17.936	5.374
17.967	5.376
17.998	5.378
18.028	5.380
18.059	5.382
18.089	5.384
18.119	5.387
18.149	5.389
18.179	5.392
18.209	5.394
18.238	5.397
18.268	5.399
18.297	5.402
18.326	5.405
18.355	5.407
18.384	5.410
18.413	5.413
18.442	5.415
18.471	5.418
18.499	5.421
18.528	5.424
18.557	5.427
18.585	5.429
18.613	5.432
18.642	5.435
18.670	5.438
18.698	5.441
18.726	5.443
18.755	5.446
18.783	5.449
18.811	5.452
18.839	5.454
18.867	5.457
18.895	5.459
18.923	5.462
18.951	5.465
18.979	5.467
19.007	5.470
19.034	5.473
19.062	5.476
19.089	5.478
19.116	5.481
19.143	5.485
19.169	5.488
19.195	5.492
19.222	5.495
19.247	5.499
19.273	5.503
19.298	5.508
19.322	5.512
19.347	5.517
19.370	5.522
19.394	5.528
19.417	5.533
19.439	5.539
19.461	5.546
19.483	5.553
19.503	5.560
19.524	5.568
19.543	5.576
19.563	5.584
19.581	5.593
19.599	5.603
19.616	5.613
19.632	5.623
19.648	5.634
19.663	5.645
19.677	5.658
19.691	5.670
19.703	5.683
19.715	5.697
19.726	5.712
19.736	5.727
19.746	5.743
19.754	5.759
19.761	5.776
19.768	5.794
19.774	5.812
19.779	5.831
19.783	5.850
19.786	5.870
19.789	5.891
19.791	5.912
19.792	5.933
19.793	5.955
19.793	5.977
19.792	6.000
19.791	6.022
19.789	6.046
19.786	6.070
19.783	6.094
19.779	6.118
19.775	6.142
19.770	6.167
19.765	6.192
19.759	6.218
19.753	6.243
19.747	6.269
19.739	6.294
19.732	6.320
19.724	6.346
19.716	6.372
19.707	6.399
19.698	6.425
19.689	6.451
19.680	6.477
19.670	6.503
19.660	6.530
19.650	6.556
19.639	6.582
19.629	6.608
19.618	6.633
19.607	6.659
19.596	6.684
19.585	6.710
19.573	6.735
19.562	6.760
19.550	6.784
19.539	6.809
19.527	6.833
19.516	6.857
19.504	6.881
19.492	6.904
19.480	6.928
19.468	6.951
19.456	6.974
19.444	6.997
19.431	7.020
19.419	7.042
19.407	7.065
19.394	7.087
19.381	7.109
19.369	7.131
19.356	7.153
19.343	7.174
19.330	7.196
19.317	7.217
19.304	7.239
19.291	7.260
19.278	7.281
19.264	7.302
19.251	7.323
19.237	7.344
19.224	7.365
19.210	7.385
19.196	7.406
19.182	7.427
19.168	7.447
19.154	7.468
19.140	7.488
19.126	7.509
19.112	7.529
19.097	7.549
19.083	7.570
19.068	7.590
19.053	7.610
19.039	7.630
19.024	7.651
19.009	7.671
18.994	7.691
18.979	7.712
18.963	7.732
18.948	7.752
18.933	7.773
18.917	7.793
18.901	7.814
18.886	7.834
18.870	7.855
18.854	7.875
18.838	7.896
18.821	7.916
18.805	7.936
18.789	7.957
18.772	7.977
18.755	7.998
18.738	8.018
18.721	8.038
18.704	8.058
18.687	8.079
18.669	8.099
18.651	8.119
18.633	8.139
18.615	8.159
18.597	8.179
18.579	8.198
18.560	8.218
18.541	8.238
18.522	8.257
18.503	8.277
18.483	8.296
18.464	8.315
18.444	8.334
18.424	8.353
18.404	8.372
18.383	8.391
18.362	8.410
18.341	8.428
18.320	8.447
18.299	8.465
18.277	8.483
18.255	8.501
18.233	8.518
18.210	8.536
18.187	8.554
18.164	8.571
18.141	8.588
18.117	8.605
18.093	8.622
18.069	8.638
18.045	8.654
18.020	8.671
17.995	8.686
17.970	8.702
17.944	8.718
17.918	8.733
17.892	8.748
17.866	8.763
17.839	8.778
17.812	8.793
17.785	8.807
17.757	8.821
17.730	8.835
17.702	8.849
17.673	8.863
17.645	8.877
17.616	8.890
17.588	8.903
17.559	8.916
17.529	8.929
17.500	8.942
17.470	8.955
17.440	8.967
17.410	8.980
17.380	8.992
17.350	9.004
17.319	9.016
17.289	9.027
17.258	9.039
17.227	9.051
17.195	9.062
17.164	9.073
17.133	9.084
17.101	9.095
17.069	9.106
17.038	9.117
17.006	9.128
16.974	9.138
16.941	9.149
16.909	9.159
16.877	9.170
16.844	9.180
16.812	9.190
16.779	9.200
16.747	9.210
16.714	9.220
16.681	9.229
16.648	9.239
16.615	9.249
16.582	9.258
16.549	9.267
16.516	9.277
16.483	9.286
16.450	9.295
16.417	9.305
16.384	9.314
16.351	9.323
16.318	9.332
16.284	9.341
16.251	9.350
16.218	9.358
16.185	9.367
16.152	9.376
16.119	9.385
16.086	9.393
16.053	9.402
16.020	9.410
15.987	9.419
15.954	9.427
15.921	9.436
15.888	9.444
15.855	9.453
15.822	9.461
15.789	9.469
15.756	9.477
15.724	9.485
15.691	9.493
15.658	9.501
15.626	9.509
15.593	9.517
15.561	9.525
15.528	9.532
15.496	9.540
15.464	9.548
15.431	9.555
15.399	9.563
15.367	9.570
15.335	9.577
15.303	9.585
15.271	9.592
15.239	9.599
15.207	9.606
15.176	9.613
15.144	9.620
15.112	9.627
15.081	9.634
15.050	9.640
15.018	9.647
14.987	9.653
14.956	9.660
14.925	9.666
14.894	9.673
14.863	9.679
14.833	9.685
14.802	9.691
14.771	9.697
14.741	9.703
14.711	9.709
14.680	9.715
14.650	9.720
14.620	9.726
14.591	9.731
14.561	9.737
14.531	9.742
14.502	9.747
14.472	9.752
14.443	9.758
14.414	9.762
14.385	9.767
14.356	9.772
14.327	9.777
14.299	9.781
14.270	9.786
14.242	9.790
14.214	9.795
14.186	9.799
14.158	9.803
14.130	9.807
14.102	9.811
14.074	9.814
14.047	9.818
14.019	9.822
13.992	9.825
13.965	9.828
13.938	9.831
13.911	9.835
13.884	9.837
13.857	9.840
13.830	9.843
13.804	9.846
13.777	9.848
13.751	9.850
13.724	9.853
13.698	9.855
13.672	9.857
13.646	9.858
13.620	9.860
13.594	9.861
13.568	9.863
13.542	9.864
13.517	9.865
13.491	9.866
13.466	9.867
13.440	9.868
13.415	9.868
13.389	9.868
13.364	9.869
13.339	9.869
13.314	9.868
13.289	9.868
13.264	9.868
13.239	9.867
13.214	9.866
13.189	9.865
13.164	9.864
13.139	9.863
13.115	9.862
13.090	9.860
13.066	9.858
13.041	9.856
13.017	9.854
12.992	9.851
12.968	9.849
12.944	9.846
12.920	9.843
12.896	9.839
12.873	9.836
12.849	9.832
12.826	9.828
12.803	9.823
12.780	9.818
12.758	9.813
12.736	9.808
12.714	9.802
12.692	9.796
12.670	9.789
12.649	9.782
12.628	9.775
12.608	9.767
12.588	9.759
12.568	9.751
12.549	9.742
12.530	9.732
12.511	9.722
12.493	9.712
12.475	9.702
12.458	9.690
12.441	9.679
12.424	9.667
12.408	9.654
12.393	9.641
12.378	9.627
12.363	9.613
12.349	9.598
12.336	9.583
12.323	9.567
12.311	9.550
12.299	9.533
12.288	9.516
12.277	9.498
12.267	9.479
12.257	9.460
12.248	9.440
12.239	9.420
12.230	9.400
12.222	9.379
12.215	9.357
12.208	9.335
12.201	9.313
12.194	9.290
12.188	9.267
12.182	9.243
12.177	9.219
12.172	9.195
12.167	9.170
12.162	9.145
12.158	9.119
12.153	9.094
12.149	9.068
12.146	9.041
12.142	9.014
12.138	8.987
12.135	8.960
12.132	8.933
12.129	8.905
12.126	8.877
12.123	8.848
12.120	8.820
12.118	8.791
12.115	8.762
12.112	8.733
12.110	8.704
12.107	8.674
12.104	8.645
12.101	8.615
12.099	8.585
12.096	8.555
12.093	8.525
12.090	8.494
12.087	8.464
12.083	8.434
12.080	8.403
12.076	8.372
12.073	8.342
12.069	8.311
12.065	8.281
12.060	8.250
12.056	8.219
12.052	8.188
12.047	8.158
12.042	8.127
12.037	8.096
12.032	8.066
12.027	8.035
12.022	8.004
12.016	7.974
12.011	7.943
12.005	7.913
11.999	7.882
11.993	7.852
11.987	7.822
11.981	7.792
11.975	7.762
11.969	7.732
11.963	7.702
11.956	7.673
11.949	7.643
11.943	7.614
11.936	7.585
11.929	7.556
11.922	7.527
11.915	7.498
11.908	7.470
11.901	7.442
11.894	7.414
11.887	7.386
11.880	7.358
11.872	7.331
11.865	7.304
11.858	7.277
11.850	7.250
11.843	7.224
11.835	7.198
11.828	7.172
11.820	7.147
11.812	7.122
11.805	7.097
11.797	7.072
11.789	7.048
11.782	7.024
11.774	7.001
11.766	6.977
11.758	6.955
11.751	6.932
11.743	6.910
11.735	6.888
11.727	6.867
11.720	6.846
11.712	6.825
11.705	6.805
11.697	6.785
11.690	6.765
11.682	6.746
11.675	6.727
11.668	6.709
11.661	6.690
11.654	6.672
11.648	6.655
11.641	6.637
11.635	6.620
11.629	6.603
11.623	6.587
11.618	6.571
11.612	6.555
11.607	6.539
11.602	6.524
11.598	6.509
11.593	6.494
11.589	6.479
11.586	6.465
11.582	6.451
11.579	6.437
11.577	6.423
11.574	6.410
11.572	6.396
11.571	6.383
11.570	6.370
11.569	6.358
11.569	6.345
11.569	6.333
11.569	6.321
11.569	6.309
11.570	6.298
11.571	6.286
11.573	6.275
11.574	6.264
11.576	6.253
11.578	6.242
11.580	6.232
11.582	6.221
11.585	6.211
11.587	6.201
11.589	6.191
11.592	6.181
11.594	6.171
11.597	6.161
11.599	6.152
11.601	6.142
11.604	6.133
11.606	6.124
11.608	6.115
11.611	6.106
11.613	6.097
11.615	6.089
11.618	6.080
11.620	6.072
11.623	6.064
11.626	6.055
11.628	6.047
11.631	6.039
11.634	6.031
11.637	6.023
11.641	6.016
11.644	6.008
11.648	6.000
11.651	5.993
11.655	5.985
11.659	5.978
11.663	5.970
11.667	5.963
11.671	5.955
11.674	5.947
11.678	5.939
11.681	5.931
11.685	5.923
11.688	5.914
11.691	5.906
11.694	5.897
11.696	5.888
11.699	5.878
11.701	5.869
11.703	5.859
11.705	5.849
11.707	5.839
11.710	5.829
11.712	5.819
11.715	5.809
11.719	5.799
11.722	5.789
11.727	5.779
11.732	5.769
11.737	5.760
11.743	5.750
11.750	5.741
11.758	5.733
11.767	5.724
11.777	5.716
