X	Y
4.513	2.210
4.516	2.201
4.520	2.193
4.525	2.183
4.530	2.174
4.537	2.164
4.544	2.154
4.552	2.144
4.560	2.133
4.569	2.122
4.579	2.111
4.590	2.100
4.601	2.089
4.613	2.077
4.625	2.066
4.637	2.054
4.651	2.042
4.664	2.030
4.679	2.018
4.693	2.005
4.708	1.993
4.723	1.981
4.739	1.968
4.755	1.956
4.771	1.943
4.788	1.931
4.805	1.919
4.822	1.906
4.839	1.894
4.856	1.881
4.874	1.869
4.891	1.857
4.909	1.845
4.927	1.833
4.945	1.821
4.963	1.809
4.981	1.797
4.999	1.786
5.017	1.774
5.035	1.763
5.053	1.752
5.072	1.741
5.090	1.729
5.108	1.718
5.126	1.707
5.145	1.697
5.163	1.686
5.181	1.675
5.199	1.665
5.218	1.654
5.236	1.644
5.254	1.633
5.272	1.623
5.290	1.613
5.308	1.602
5.326	1.592
5.344	1.582
5.362	1.572
5.380	1.562
5.398	1.552
5.416	1.543
5.434	1.533
5.451	1.523
5.469	1.513
5.486	1.504
5.504	1.494
5.521	1.485
5.538	1.475
5.555	1.466
5.572	1.456
5.589	1.447
5.606	1.437
5.623	1.428
5.639	1.419
5.656	1.409
5.672	1.400
5.688	1.391
5.704	1.382
5.720	1.372
5.736	1.363
5.752	1.354
5.768	1.345
5.784	1.336
5.799	1.327
5.815	1.318
5.831	1.309
5.846	1.300
5.862	1.291
5.877	1.282
5.893	1.273
5.909	1.264
5.924	1.255
5.940	1.246
5.956	1.238
5.971	1.229
5.987	1.220
6.003	1.211
6.019	1.203
6.035	1.194
6.051	1.186
6.067	1.177
6.084	1.168
6.100	1.160
6.117	1.152
6.133	1.143
6.150	1.135
6.167	1.126
6.184	1.118
6.201	1.110
6.219	1.101
6.236	1.093
6.254	1.085
6.272	1.077
6.290	1.069
6.308	1.061
6.326	1.053
6.344	1.045
6.363	1.037
6.381	1.029
6.400	1.021
6.418	1.013
6.437	1.006
6.456	0.998
6.474	0.990
6.493	0.983
6.512	0.975
6.531	0.968
6.550	0.961
6.568	0.953
6.587	0.946
6.606	0.939
6.625	0.932
6.644	0.925
6.663	0.918
6.681	0.911
6.700	0.904
6.719	0.897
6.737	0.891
6.756	0.884
6.774	0.877
6.793	0.871
6.811	0.865
6.829	0.858
6.847	0.852
6.865	0.846
6.883	0.840
6.901	0.834
6.918	0.828
6.936	0.823
6.953	0.817
6.970	0.811
6.987	0.806
7.005	0.801
7.021	0.795
7.038	0.790
7.055	0.785
7.072	0.780
7.089	0.775
7.105	0.770
7.122	0.766
7.139	0.761
7.155	0.757
7.172	0.752
7.188	0.748
7.205	0.744
7.221	0.740
7.238	0.736
7.255	0.732
7.271	0.729
7.288	0.725
7.304	0.722
7.321	0.718
7.338	0.715
7.355	0.712
7.372	0.709
7.388	0.706
7.406	0.703
7.423	0.701
7.440	0.698
7.457	0.696
7.474	0.694
7.492	0.692
7.509	0.690
7.527	0.688
7.544	0.686
7.562	0.685
7.579	0.684
7.596	0.683
7.614	0.682
7.631	0.681
7.647	0.681
7.664	0.681
7.680	0.681
7.697	0.682
7.713	0.683
7.728	0.684
7.744	0.686
7.759	0.688
7.773	0.690
7.788	0.692
7.802	0.695
7.815	0.699
7.828	0.702
7.840	0.707
7.852	0.711
7.864	0.716
7.875	0.722
7.885	0.728
7.895	0.734
7.904	0.741
7.912	0.748
7.920	0.756
7.927	0.764
7.934	0.773
7.940	0.782
7.946	0.791
7.951	0.801
7.955	0.811
7.959	0.822
7.962	0.833
7.965	0.844
7.967	0.855
7.969	0.867
7.970	0.880
7.971	0.892
7.971	0.905
7.970	0.918
7.969	0.931
7.968	0.945
7.966	0.958
7.964	0.972
7.961	0.986
7.958	1.001
7.954	1.015
7.950	1.030
7.946	1.045
7.941	1.060
7.936	1.075
7.930	1.090
7.925	1.106
7.919	1.121
7.912	1.137
7.906	1.153
7.899	1.168
7.892	1.184
7.885	1.200
7.877	1.216
7.870	1.232
7.862	1.248
7.854	1.264
7.846	1.280
7.838	1.296
7.830	1.312
7.822	1.328
7.814	1.343
7.805	1.359
7.797	1.375
7.789	1.391
7.781	1.406
7.773	1.422
7.765	1.437
7.757	1.452
7.749	1.467
7.741	1.482
7.734	1.497
7.726	1.512
7.719	1.527
7.712	1.541
7.704	1.556
7.697	1.570
7.690	1.584
7.682	1.598
7.675	1.612
7.668	1.626
7.661	1.639
7.653	1.653
7.646	1.666
7.638	1.680
7.631	1.693
7.623	1.706
7.616	1.719
7.608	1.732
7.600	1.745
7.592	1.758
7.584	1.771
7.575	1.783
7.567	1.796
7.558	1.808
7.549	1.821
7.540	1.833
7.531	1.845
7.521	1.857
7.511	1.869
7.501	1.881
7.491	1.893
7.480	1.905
7.469	1.916
7.458	1.928
7.447	1.939
7.436	1.951
7.424	1.962
7.412	1.973
7.400	1.984
7.388	1.995
7.375	2.006
7.362	2.016
7.349	2.027
7.336	2.037
7.323	2.047
7.309	2.057
7.295	2.067
7.281	2.077
7.267	2.086
7.253	2.096
7.238	2.105
7.223	2.114
7.208	2.122
7.193	2.131
7.177	2.139
7.162	2.147
7.146	2.155
7.130	2.163
7.114	2.171
7.097	2.178
7.081	2.185
7.064	2.192
7.047	2.198
7.030	2.205
7.013	2.211
6.996	2.217
6.978	2.223
6.960	2.229
6.943	2.234
6.925	2.240
6.906	2.245
6.888	2.250
6.870	2.255
6.851	2.260
6.832	2.265
6.813	2.269
6.794	2.274
6.775	2.278
6.756	2.283
6.737	2.287
6.717	2.291
6.698	2.296
6.678	2.300
6.658	2.304
6.638	2.308
6.618	2.312
6.598	2.316
6.577	2.320
6.557	2.324
6.537	2.329
6.516	2.333
6.495	2.337
6.475	2.341
6.454	2.345
6.433	2.350
6.412	2.354
6.391	2.359
6.370	2.363
6.348	2.368
6.327	2.373
6.306	2.377
6.284	2.382
6.263	2.387
6.241	2.392
6.220	2.397
6.198	2.402
6.176	2.408
6.155	2.413
6.133	2.418
6.111	2.424
6.089	2.429
6.067	2.435
6.046	2.440
6.024	2.446
6.002	2.452
5.980	2.457
5.958	2.463
5.936	2.469
5.914	2.475
5.892	2.481
5.870	2.487
5.848	2.493
5.826	2.498
5.803	2.504
5.781	2.510
5.759	2.516
5.737	2.522
5.715	2.528
5.693	2.534
5.671	2.540
5.649	2.547
5.627	2.553
5.606	2.559
5.584	2.565
5.562	2.571
5.540	2.577
5.518	2.583
5.497	2.589
5.475	2.595
5.453	2.601
5.432	2.606
5.410	2.612
5.389	2.618
5.367	2.624
5.346	2.630
5.325	2.635
5.304	2.641
5.283	2.646
5.262	2.651
5.241	2.656
5.221	2.661
5.201	2.665
5.181	2.670
5.161	2.674
5.141	2.678
5.122	2.681
5.103	2.684
5.084	2.687
5.066	2.690
5.047	2.692
5.029	2.693
5.012	2.695
4.995	2.696
4.978	2.696
4.961	2.696
4.945	2.695
4.929	2.694
4.914	2.693
4.899	2.691
4.885	2.688
4.871	2.685
4.857	2.681
4.844	2.677
4.831	2.672
4.819	2.666
4.808	2.660
4.796	2.653
4.786	2.645
4.776	2.637
4.766	2.628
4.756	2.619
4.747	2.610
4.739	2.600
4.730	2.590
4.722	2.580
4.714	2.570
4.706	2.560
4.698	2.550
4.691	2.539
4.683	2.529
4.675	2.519
4.668	2.510
4.660	2.500
4.653	2.491
4.645	2.483
4.637	2.475
4.630	2.467
4.621	2.460
4.613	2.454
4.605	2.448
4.596	2.443
4.587	2.438
4.578	2.434
4.570	2.430
4.561	2.427
4.553	2.424
4.545	2.421
4.537	2.418
4.530	2.415
4.524	2.412
4.518	2.408
4.513	2.405
4.509	2.401
4.505	2.397
4.503	2.392
4.501	2.387
4.501	2.381
4.501	2.375
4.501	2.369
4.503	2.362
4.504	2.355
4.506	2.348
4.507	2.341
4.509	2.333
4.510	2.326
4.512	2.319
4.513	2.312
4.513	2.305
4.513	2.298
4.512	2.291
4.511	2.284
4.511	2.277
4.510	2.270
4.509	2.263
4.508	2.256
4.508	2.249
4.507	2.242
4.508	2.234
4.509	2.226
4.510	2.218
4.513	2.210
