X	Y
11.906	11.312
11.922	11.290
11.943	11.268
11.969	11.247
11.999	11.225
12.032	11.205
12.069	11.184
12.108	11.163
12.150	11.143
12.193	11.122
12.238	11.100
12.284	11.078
12.330	11.056
12.376	11.033
12.422	11.009
12.466	10.984
12.510	10.958
12.553	10.931
12.595	10.903
12.637	10.875
12.679	10.846
12.721	10.817
12.763	10.788
12.805	10.758
12.848	10.729
12.892	10.699
12.937	10.670
12.983	10.641
13.030	10.613
13.079	10.585
13.130	10.558
13.183	10.531
13.238	10.505
13.295	10.481
13.355	10.457
13.417	10.434
13.481	10.413
13.547	10.392
13.615	10.372
13.684	10.353
13.755	10.334
13.827	10.317
13.901	10.300
13.976	10.283
14.052	10.267
14.128	10.252
14.206	10.237
14.284	10.223
14.362	10.209
14.441	10.196
14.520	10.183
14.599	10.170
14.678	10.158
14.757	10.145
14.836	10.133
14.914	10.121
14.991	10.109
15.068	10.098
15.144	10.086
15.219	10.074
15.293	10.063
15.367	10.051
15.439	10.039
15.511	10.027
15.582	10.015
15.653	10.003
15.723	9.991
15.792	9.978
15.861	9.966
15.930	9.953
15.998	9.940
16.066	9.927
16.133	9.914
16.200	9.900
16.266	9.886
16.333	9.872
16.399	9.857
16.465	9.842
16.531	9.827
16.597	9.811
16.662	9.795
16.728	9.779
16.794	9.762
16.859	9.745
16.925	9.727
16.991	9.709
17.057	9.691
17.122	9.672
17.188	9.653
17.253	9.634
17.319	9.615
17.384	9.595
17.449	9.576
17.514	9.556
17.579	9.536
17.644	9.516
17.709	9.495
17.773	9.475
17.838	9.455
17.902	9.435
17.966	9.414
18.029	9.394
18.093	9.374
18.156	9.354
18.219	9.334
18.282	9.314
18.345	9.294
18.407	9.275
18.469	9.256
18.531	9.237
18.594	9.219
18.656	9.201
18.718	9.184
18.780	9.167
18.843	9.151
18.905	9.136
18.968	9.121
19.031	9.107
19.094	9.094
19.158	9.082
19.222	9.071
19.286	9.061
19.351	9.052
19.416	9.044
19.482	9.038
19.549	9.032
19.616	9.028
19.683	9.025
19.751	9.024
19.820	9.023
19.889	9.024
19.958	9.025
20.028	9.028
20.097	9.031
20.167	9.035
20.238	9.041
20.308	9.046
20.378	9.053
20.448	9.060
20.518	9.068
20.588	9.076
20.658	9.085
20.727	9.094
20.796	9.103
20.865	9.113
20.933	9.123
21.001	9.133
21.068	9.143
21.135	9.153
21.201	9.163
21.266	9.173
21.330	9.184
21.393	9.195
21.455	9.206
21.515	9.218
21.574	9.231
21.632	9.245
21.687	9.261
21.740	9.277
21.791	9.296
21.840	9.315
21.887	9.337
21.931	9.361
21.972	9.387
22.010	9.415
22.045	9.445
22.076	9.479
22.105	9.515
22.130	9.554
22.151	9.595
22.169	9.639
22.184	9.686
22.196	9.734
22.204	9.785
22.209	9.837
22.212	9.891
22.211	9.946
22.207	10.003
22.200	10.060
22.191	10.119
22.178	10.178
22.163	10.238
22.145	10.298
22.124	10.359
22.101	10.419
22.076	10.480
22.047	10.540
22.017	10.599
21.984	10.659
21.949	10.718
21.913	10.776
21.874	10.834
21.834	10.891
21.792	10.948
21.748	11.003
21.703	11.058
21.657	11.112
21.610	11.165
21.561	11.216
21.512	11.267
21.462	11.316
21.411	11.364
21.360	11.411
21.308	11.456
21.256	11.500
21.203	11.542
21.151	11.583
21.098	11.622
21.046	11.659
20.994	11.694
20.941	11.728
20.889	11.760
20.836	11.790
20.783	11.820
20.730	11.847
20.676	11.874
20.621	11.899
20.567	11.923
20.511	11.946
20.454	11.967
20.397	11.988
20.339	12.008
20.279	12.027
20.219	12.045
20.157	12.063
20.094	12.080
20.029	12.096
19.963	12.112
19.895	12.127
19.826	12.142
19.755	12.157
19.683	12.171
19.609	12.185
19.534	12.199
19.457	12.212
19.379	12.225
19.300	12.237
19.220	12.249
19.138	12.260
19.056	12.272
18.972	12.283
18.888	12.293
18.802	12.303
18.716	12.313
18.629	12.322
18.541	12.331
18.452	12.340
18.363	12.348
18.273	12.356
18.183	12.363
18.093	12.371
18.001	12.377
17.910	12.384
17.818	12.390
17.726	12.395
17.634	12.401
17.542	12.406
17.450	12.410
17.358	12.414
17.265	12.418
17.173	12.422
17.081	12.425
16.988	12.428
16.896	12.431
16.804	12.433
16.712	12.435
16.620	12.437
16.528	12.438
16.436	12.440
16.344	12.441
16.253	12.442
16.161	12.442
16.070	12.443
15.979	12.443
15.888	12.443
15.798	12.444
15.707	12.443
15.617	12.443
15.527	12.443
15.438	12.442
15.348	12.442
15.259	12.441
15.171	12.441
15.082	12.440
14.994	12.439
14.907	12.439
14.820	12.438
14.733	12.437
14.646	12.436
14.561	12.435
14.475	12.434
14.391	12.433
14.307	12.432
14.225	12.431
14.143	12.429
14.062	12.427
13.983	12.424
13.905	12.421
13.828	12.418
13.752	12.414
13.679	12.409
13.606	12.404
13.536	12.398
13.467	12.392
13.400	12.385
13.336	12.377
13.273	12.368
13.212	12.359
13.154	12.348
13.098	12.337
13.045	12.324
12.994	12.311
12.945	12.296
12.899	12.281
12.855	12.265
12.813	12.249
12.772	12.233
12.732	12.217
12.693	12.201
12.654	12.186
12.616	12.173
12.578	12.160
12.539	12.149
12.500	12.139
12.460	12.132
12.419	12.126
12.376	12.123
12.333	12.122
12.288	12.123
12.244	12.125
12.200	12.127
12.157	12.129
12.116	12.130
12.077	12.130
12.041	12.128
12.008	12.124
11.979	12.117
11.954	12.106
11.935	12.091
11.920	12.072
11.910	12.049
11.904	12.023
11.901	11.996
11.901	11.967
11.902	11.939
11.904	11.911
11.906	11.885
11.907	11.862
11.907	11.841
11.907	11.822
11.907	11.804
11.906	11.786
11.906	11.768
11.906	11.748
11.907	11.726
11.908	11.703
11.909	11.679
11.910	11.653
11.911	11.626
11.911	11.599
11.910	11.571
11.908	11.544
11.904	11.516
11.900	11.489
11.895	11.462
11.890	11.436
11.888	11.410
11.887	11.385
11.889	11.360
11.895	11.336
11.906	11.312
