X	Y
4.479	2.429
4.487	2.423
4.496	2.419
4.507	2.414
4.519	2.410
4.531	2.406
4.545	2.402
4.560	2.399
4.576	2.396
4.593	2.393
4.611	2.390
4.629	2.388
4.649	2.385
4.669	2.383
4.690	2.382
4.712	2.380
4.735	2.379
4.758	2.378
4.782	2.377
4.807	2.376
4.832	2.375
4.858	2.375
4.884	2.374
4.911	2.374
4.938	2.374
4.965	2.374
4.993	2.374
5.021	2.374
5.050	2.374
5.078	2.375
5.107	2.375
5.136	2.376
5.166	2.376
5.195	2.377
5.225	2.378
5.254	2.378
5.284	2.379
5.313	2.380
5.342	2.380
5.372	2.381
5.401	2.382
5.430	2.383
5.459	2.383
5.487	2.384
5.515	2.385
5.543	2.385
5.571	2.386
5.598	2.386
5.625	2.386
5.651	2.387
5.677	2.387
5.703	2.387
5.728	2.387
5.752	2.387
5.776	2.387
5.800	2.386
5.823	2.386
5.846	2.386
5.869	2.385
5.891	2.385
5.913	2.384
5.935	2.384
5.957	2.383
5.978	2.382
5.999	2.382
6.019	2.381
6.040	2.380
6.060	2.379
6.080	2.379
6.100	2.378
6.120	2.377
6.139	2.376
6.159	2.375
6.178	2.374
6.197	2.373
6.216	2.372
6.236	2.372
6.255	2.371
6.274	2.370
6.293	2.369
6.312	2.368
6.331	2.367
6.350	2.367
6.369	2.366
6.388	2.365
6.407	2.364
6.426	2.364
6.446	2.363
6.465	2.363
6.485	2.362
6.504	2.362
6.524	2.361
6.544	2.361
6.565	2.361
6.585	2.360
6.606	2.360
6.626	2.360
6.647	2.360
6.668	2.360
6.689	2.360
6.710	2.361
6.731	2.361
6.753	2.361
6.774	2.362
6.795	2.362
6.816	2.363
6.837	2.363
6.859	2.364
6.880	2.365
6.901	2.365
6.922	2.366
6.943	2.367
6.964	2.368
6.985	2.369
7.006	2.371
7.027	2.372
7.047	2.373
7.068	2.374
7.088	2.376
7.108	2.377
7.128	2.379
7.148	2.381
7.167	2.382
7.187	2.384
7.206	2.386
7.225	2.388
7.243	2.390
7.262	2.392
7.280	2.394
7.298	2.397
7.315	2.399
7.332	2.402
7.349	2.404
7.366	2.407
7.382	2.409
7.398	2.412
7.413	2.415
7.428	2.418
7.443	2.422
7.457	2.425
7.471	2.429
7.484	2.433
7.497	2.437
7.510	2.442
7.522	2.446
7.533	2.451
7.544	2.457
7.555	2.463
7.565	2.469
7.574	2.475
7.583	2.482
7.591	2.490
7.599	2.498
7.606	2.506
7.613	2.515
7.619	2.524
7.625	2.534
7.629	2.544
7.634	2.555
7.637	2.567
7.640	2.579
7.642	2.591
7.644	2.604
7.645	2.618
7.646	2.631
7.646	2.646
7.646	2.660
7.645	2.675
7.643	2.690
7.641	2.706
7.639	2.722
7.636	2.738
7.633	2.754
7.629	2.770
7.625	2.787
7.620	2.804
7.615	2.820
7.610	2.837
7.604	2.854
7.598	2.871
7.592	2.888
7.586	2.905
7.579	2.922
7.571	2.939
7.564	2.956
7.556	2.973
7.548	2.989
7.540	3.006
7.532	3.022
7.523	3.038
7.515	3.053
7.506	3.069
7.497	3.084
7.487	3.099
7.478	3.114
7.468	3.128
7.458	3.142
7.448	3.156
7.438	3.170
7.427	3.184
7.417	3.197
7.406	3.210
7.395	3.223
7.384	3.236
7.372	3.248
7.360	3.260
7.348	3.273
7.336	3.284
7.324	3.296
7.311	3.308
7.298	3.319
7.285	3.330
7.271	3.341
7.258	3.352
7.244	3.362
7.230	3.373
7.215	3.383
7.200	3.393
7.185	3.403
7.170	3.413
7.155	3.422
7.139	3.432
7.123	3.441
7.106	3.450
7.090	3.459
7.073	3.468
7.055	3.477
7.038	3.485
7.020	3.494
7.002	3.502
6.984	3.511
6.966	3.519
6.947	3.527
6.928	3.535
6.910	3.542
6.891	3.550
6.872	3.557
6.852	3.565
6.833	3.572
6.814	3.579
6.795	3.587
6.775	3.594
6.756	3.601
6.737	3.607
6.718	3.614
6.699	3.621
6.680	3.627
6.661	3.634
6.642	3.640
6.623	3.647
6.604	3.653
6.586	3.659
6.568	3.665
6.550	3.671
6.532	3.677
6.515	3.683
6.497	3.689
6.480	3.695
6.464	3.701
6.447	3.706
6.431	3.712
6.415	3.717
6.400	3.723
6.385	3.728
6.371	3.734
6.356	3.739
6.343	3.745
6.329	3.750
6.316	3.755
6.303	3.760
6.290	3.765
6.278	3.770
6.266	3.775
6.254	3.779
6.241	3.784
6.229	3.788
6.218	3.792
6.206	3.796
6.194	3.800
6.182	3.803
6.169	3.806
6.157	3.809
6.145	3.812
6.132	3.815
6.119	3.817
6.106	3.819
6.093	3.820
6.079	3.822
6.065	3.823
6.050	3.823
6.036	3.823
6.020	3.823
6.004	3.823
5.988	3.822
5.971	3.821
5.954	3.820
5.937	3.818
5.919	3.816
5.901	3.814
5.882	3.811
5.863	3.808
5.844	3.805
5.824	3.802
5.805	3.799
5.785	3.795
5.764	3.791
5.744	3.787
5.723	3.783
5.702	3.779
5.681	3.775
5.660	3.770
5.639	3.766
5.618	3.761
5.596	3.757
5.575	3.752
5.553	3.747
5.532	3.743
5.510	3.738
5.489	3.734
5.467	3.729
5.446	3.724
5.424	3.720
5.403	3.716
5.382	3.711
5.361	3.707
5.340	3.703
5.319	3.699
5.298	3.696
5.278	3.692
5.258	3.689
5.238	3.686
5.218	3.683
5.199	3.680
5.180	3.678
5.161	3.676
5.142	3.674
5.124	3.672
5.106	3.670
5.088	3.669
5.071	3.667
5.054	3.666
5.037	3.664
5.020	3.663
5.004	3.662
4.988	3.660
4.972	3.659
4.957	3.658
4.941	3.656
4.926	3.654
4.912	3.652
4.897	3.650
4.883	3.648
4.869	3.646
4.855	3.643
4.842	3.640
4.828	3.637
4.815	3.633
4.803	3.629
4.790	3.625
4.778	3.620
4.766	3.615
4.754	3.609
4.742	3.603
4.731	3.597
4.720	3.589
4.709	3.582
4.698	3.574
4.688	3.565
4.678	3.556
4.668	3.547
4.658	3.537
4.648	3.527
4.639	3.516
4.630	3.505
4.621	3.494
4.612	3.482
4.604	3.471
4.596	3.459
4.588	3.446
4.580	3.434
4.573	3.421
4.565	3.408
4.558	3.395
4.552	3.382
4.545	3.369
4.539	3.355
4.533	3.342
4.527	3.329
4.521	3.315
4.516	3.302
4.511	3.288
4.506	3.275
4.502	3.261
4.497	3.248
4.493	3.235
4.489	3.221
4.485	3.208
4.482	3.195
4.479	3.182
4.475	3.169
4.473	3.156
4.470	3.144
4.467	3.131
4.465	3.118
4.463	3.106
4.461	3.093
4.459	3.081
4.457	3.069
4.455	3.057
4.454	3.044
4.452	3.032
4.451	3.020
4.450	3.009
4.449	2.997
4.448	2.985
4.447	2.974
4.446	2.962
4.445	2.951
4.445	2.939
4.444	2.928
4.444	2.917
4.443	2.906
4.443	2.895
4.442	2.884
4.442	2.873
4.442	2.863
4.442	2.852
4.442	2.841
4.442	2.831
4.442	2.820
4.442	2.810
4.442	2.800
4.442	2.789
4.443	2.779
4.443	2.769
4.443	2.759
4.444	2.748
4.444	2.738
4.445	2.728
4.446	2.718
4.446	2.708
4.447	2.698
4.448	2.688
4.449	2.678
4.449	2.668
4.450	2.658
4.451	2.648
4.452	2.639
4.452	2.629
4.453	2.619
4.453	2.610
4.454	2.600
4.454	2.591
4.455	2.582
4.455	2.573
4.455	2.564
4.454	2.555
4.454	2.546
4.454	2.537
4.453	2.529
4.452	2.520
4.452	2.512
4.451	2.504
4.451	2.496
4.451	2.488
4.451	2.480
4.452	2.473
4.453	2.466
4.455	2.459
4.458	2.452
4.462	2.446
4.466	2.440
4.472	2.434
4.479	2.429
