X	Y
66.962	31.772
67.048	31.578
67.165	31.381
67.312	31.183
67.487	30.982
67.689	30.779
67.915	30.573
68.163	30.365
68.433	30.155
68.722	29.942
69.029	29.726
69.351	29.508
69.687	29.287
70.035	29.064
70.393	28.837
70.760	28.608
71.134	28.375
71.513	28.140
71.895	27.902
72.279	27.660
72.663	27.415
73.044	27.167
73.422	26.915
73.794	26.660
74.158	26.402
74.514	26.140
74.860	25.874
75.195	25.605
75.522	25.333
75.840	25.058
76.150	24.780
76.454	24.499
76.750	24.216
77.041	23.930
77.326	23.642
77.606	23.352
77.883	23.060
78.155	22.766
78.425	22.471
78.693	22.174
78.959	21.876
79.224	21.577
79.488	21.276
79.753	20.976
80.018	20.674
80.285	20.372
80.554	20.070
80.826	19.767
81.101	19.465
81.380	19.162
81.664	18.861
81.952	18.559
82.247	18.258
82.547	17.959
82.854	17.659
83.166	17.361
83.483	17.064
83.806	16.768
84.134	16.473
84.467	16.179
84.804	15.887
85.146	15.595
85.492	15.305
85.842	15.017
86.196	14.730
86.554	14.444
86.915	14.160
87.279	13.878
87.646	13.597
88.015	13.318
88.387	13.041
88.762	12.766
89.138	12.492
89.517	12.221
89.897	11.952
90.279	11.684
90.661	11.419
91.045	11.157
91.430	10.896
91.815	10.638
92.201	10.382
92.587	10.129
92.973	9.878
93.358	9.630
93.744	9.385
94.129	9.143
94.514	8.905
94.899	8.670
95.283	8.440
95.666	8.214
96.049	7.993
96.432	7.777
96.814	7.566
97.195	7.360
97.575	7.161
97.955	6.968
98.334	6.781
98.712	6.600
99.089	6.427
99.465	6.261
99.840	6.103
100.213	5.952
100.586	5.810
100.958	5.676
101.328	5.550
101.697	5.434
102.064	5.327
102.431	5.230
102.795	5.142
103.158	5.065
103.520	4.997
103.880	4.940
104.238	4.891
104.595	4.851
104.950	4.818
105.302	4.792
105.653	4.772
106.002	4.758
106.349	4.748
106.694	4.741
107.036	4.738
107.376	4.737
107.714	4.738
108.049	4.739
108.382	4.741
108.713	4.742
109.041	4.741
109.366	4.738
109.688	4.733
110.008	4.724
110.325	4.711
110.638	4.692
110.949	4.668
111.257	4.639
111.560	4.606
111.857	4.572
112.149	4.537
112.433	4.504
112.710	4.474
112.978	4.449
113.236	4.430
113.484	4.420
113.720	4.419
113.944	4.430
114.155	4.454
114.352	4.492
114.534	4.547
114.701	4.619
114.851	4.712
114.984	4.825
115.103	4.956
115.207	5.105
115.299	5.269
115.380	5.447
115.452	5.638
115.516	5.840
115.573	6.051
115.626	6.269
115.675	6.494
115.722	6.723
115.769	6.955
115.817	7.189
115.867	7.423
115.920	7.656
115.973	7.891
116.026	8.126
116.078	8.363
116.129	8.602
116.178	8.844
116.223	9.088
116.263	9.337
116.299	9.590
116.328	9.847
116.351	10.110
116.366	10.378
116.372	10.653
116.368	10.934
116.354	11.223
116.329	11.519
116.292	11.824
116.243	12.136
116.184	12.454
116.114	12.778
116.036	13.107
115.949	13.440
115.855	13.776
115.754	14.114
115.647	14.453
115.535	14.792
115.418	15.131
115.298	15.469
115.175	15.804
115.049	16.136
114.923	16.464
114.796	16.787
114.669	17.104
114.543	17.415
114.419	17.717
114.298	18.012
114.180	18.296
114.066	18.571
113.957	18.835
113.853	19.088
113.753	19.333
113.659	19.572
113.569	19.805
113.483	20.035
113.401	20.262
113.324	20.489
113.250	20.716
113.181	20.946
113.115	21.181
113.052	21.421
112.993	21.668
112.938	21.924
112.885	22.190
112.835	22.468
112.789	22.759
112.745	23.065
112.703	23.386
112.664	23.719
112.627	24.064
112.591	24.421
112.557	24.787
112.525	25.162
112.493	25.545
112.463	25.935
112.433	26.331
112.403	26.731
112.374	27.135
112.345	27.541
112.315	27.949
112.285	28.357
112.254	28.765
112.222	29.171
112.189	29.574
112.155	29.973
112.119	30.368
112.081	30.756
112.041	31.138
111.998	31.512
111.953	31.876
111.905	32.231
111.855	32.574
111.801	32.907
111.744	33.230
111.683	33.543
111.620	33.847
111.554	34.143
111.484	34.432
111.412	34.714
111.336	34.989
111.257	35.259
111.175	35.524
111.090	35.784
111.001	36.041
110.909	36.295
110.815	36.547
110.717	36.797
110.615	37.045
110.511	37.294
110.403	37.542
110.292	37.791
110.178	38.041
110.059	38.292
109.937	38.542
109.811	38.792
109.680	39.041
109.544	39.289
109.403	39.536
109.257	39.780
109.106	40.023
108.948	40.263
108.784	40.500
108.614	40.734
108.438	40.964
108.254	41.190
108.063	41.412
107.865	41.629
107.659	41.841
107.445	42.047
107.223	42.248
106.992	42.443
106.755	42.632
106.509	42.816
106.256	42.993
105.997	43.165
105.730	43.332
105.457	43.492
105.177	43.647
104.891	43.796
104.600	43.939
104.302	44.077
103.999	44.209
103.691	44.335
103.378	44.455
103.059	44.570
102.737	44.680
102.410	44.783
102.079	44.881
101.743	44.974
101.405	45.060
101.062	45.141
100.717	45.217
100.367	45.288
100.014	45.353
99.658	45.414
99.297	45.470
98.933	45.522
98.565	45.569
98.193	45.613
97.817	45.653
97.438	45.689
97.054	45.722
96.666	45.752
96.274	45.779
95.877	45.803
95.476	45.825
95.071	45.844
94.662	45.862
94.248	45.877
93.830	45.891
93.407	45.903
92.979	45.914
92.547	45.924
92.110	45.934
91.668	45.942
91.222	45.950
90.770	45.958
90.314	45.965
89.854	45.971
89.391	45.975
88.924	45.978
88.454	45.978
87.982	45.975
87.507	45.969
87.031	45.959
86.554	45.945
86.076	45.927
85.597	45.904
85.118	45.875
84.639	45.841
84.161	45.801
83.683	45.753
83.208	45.699
82.734	45.638
82.262	45.568
81.793	45.491
81.327	45.404
80.864	45.308
80.405	45.203
79.951	45.088
79.500	44.963
79.055	44.826
78.615	44.679
78.181	44.519
77.753	44.348
77.331	44.164
76.917	43.967
76.509	43.758
76.109	43.537
75.717	43.307
75.331	43.068
74.954	42.822
74.584	42.571
74.222	42.315
73.868	42.056
73.522	41.796
73.184	41.536
72.855	41.278
72.534	41.022
72.221	40.770
71.917	40.524
71.622	40.284
71.335	40.053
71.058	39.832
70.789	39.622
70.530	39.424
70.280	39.240
70.039	39.071
69.808	38.919
69.586	38.786
69.374	38.671
69.172	38.578
68.980	38.504
68.798	38.446
68.626	38.399
68.465	38.358
68.314	38.318
68.174	38.276
68.045	38.225
67.928	38.163
67.822	38.083
67.727	37.982
67.644	37.855
67.572	37.705
67.511	37.534
67.459	37.346
67.417	37.143
67.383	36.930
67.358	36.708
67.340	36.482
67.328	36.253
67.323	36.026
67.323	35.804
67.328	35.590
67.338	35.386
67.350	35.196
67.366	35.019
67.381	34.855
67.396	34.699
67.407	34.551
67.413	34.409
67.413	34.269
67.405	34.131
67.386	33.992
67.356	33.849
67.312	33.702
67.256	33.548
67.193	33.389
67.127	33.225
67.061	33.057
67.000	32.884
66.948	32.707
66.908	32.526
66.886	32.342
66.885	32.154
66.909	31.964
66.962	31.772
