X	Y
11.804	5.262
11.807	5.250
11.810	5.237
11.813	5.224
11.818	5.210
11.822	5.196
11.828	5.181
11.833	5.165
11.840	5.149
11.846	5.133
11.854	5.115
11.862	5.098
11.870	5.080
11.879	5.061
11.888	5.042
11.898	5.023
11.908	5.004
11.919	4.984
11.931	4.964
11.942	4.943
11.954	4.922
11.967	4.901
11.980	4.880
11.994	4.859
12.008	4.837
12.022	4.816
12.037	4.794
12.052	4.772
12.068	4.750
12.084	4.728
12.100	4.706
12.117	4.684
12.134	4.663
12.152	4.641
12.170	4.619
12.188	4.597
12.207	4.575
12.226	4.553
12.245	4.531
12.265	4.510
12.285	4.488
12.305	4.466
12.326	4.445
12.347	4.423
12.368	4.402
12.389	4.381
12.411	4.359
12.433	4.338
12.455	4.317
12.478	4.296
12.500	4.275
12.523	4.254
12.546	4.233
12.570	4.212
12.593	4.191
12.617	4.171
12.641	4.150
12.665	4.130
12.690	4.109
12.714	4.089
12.739	4.069
12.763	4.049
12.788	4.029
12.813	4.009
12.839	3.990
12.864	3.970
12.889	3.951
12.915	3.931
12.940	3.912
12.966	3.893
12.992	3.874
13.018	3.856
13.043	3.837
13.069	3.819
13.095	3.800
13.121	3.782
13.147	3.764
13.173	3.746
13.199	3.729
13.225	3.711
13.252	3.694
13.278	3.676
13.304	3.659
13.330	3.642
13.357	3.625
13.383	3.609
13.409	3.592
13.436	3.575
13.463	3.559
13.489	3.543
13.516	3.526
13.543	3.510
13.570	3.494
13.597	3.478
13.624	3.462
13.651	3.446
13.678	3.431
13.706	3.415
13.733	3.399
13.761	3.384
13.789	3.368
13.817	3.353
13.845	3.337
13.873	3.322
13.901	3.306
13.929	3.291
13.958	3.276
13.986	3.260
14.015	3.245
14.044	3.230
14.073	3.215
14.102	3.199
14.132	3.184
14.161	3.169
14.191	3.154
14.221	3.138
14.251	3.123
14.281	3.108
14.311	3.092
14.342	3.077
14.373	3.062
14.404	3.046
14.435	3.031
14.466	3.015
14.498	2.999
14.529	2.984
14.561	2.968
14.593	2.953
14.625	2.937
14.658	2.921
14.691	2.905
14.723	2.889
14.756	2.874
14.789	2.858
14.823	2.842
14.856	2.826
14.890	2.810
14.923	2.794
14.957	2.778
14.991	2.762
15.026	2.746
15.060	2.730
15.095	2.714
15.129	2.698
15.164	2.681
15.199	2.665
15.234	2.649
15.270	2.633
15.305	2.617
15.341	2.601
15.376	2.585
15.412	2.568
15.448	2.552
15.484	2.536
15.520	2.520
15.557	2.504
15.593	2.488
15.630	2.472
15.666	2.455
15.703	2.439
15.740	2.423
15.777	2.407
15.814	2.391
15.852	2.375
15.889	2.359
15.926	2.343
15.964	2.327
16.002	2.311
16.039	2.295
16.077	2.279
16.115	2.263
16.153	2.247
16.191	2.231
16.230	2.215
16.268	2.199
16.306	2.183
16.345	2.168
16.383	2.152
16.422	2.136
16.461	2.121
16.500	2.105
16.538	2.089
16.577	2.074
16.616	2.058
16.655	2.043
16.694	2.028
16.733	2.012
16.773	1.997
16.812	1.982
16.851	1.967
16.890	1.952
16.929	1.937
16.969	1.922
17.008	1.907
17.047	1.892
17.086	1.878
17.126	1.863
17.165	1.849
17.204	1.835
17.243	1.820
17.283	1.806
17.322	1.792
17.361	1.778
17.400	1.765
17.439	1.751
17.478	1.738
17.517	1.724
17.556	1.711
17.595	1.698
17.634	1.685
17.672	1.672
17.711	1.660
17.750	1.647
17.788	1.635
17.827	1.622
17.865	1.610
17.903	1.599
17.941	1.587
17.979	1.575
18.017	1.564
18.055	1.553
18.093	1.542
18.130	1.531
18.168	1.520
18.205	1.510
18.242	1.500
18.279	1.490
18.316	1.480
18.353	1.470
18.389	1.461
18.426	1.452
18.462	1.443
18.498	1.434
18.534	1.425
18.569	1.417
18.605	1.409
18.640	1.401
18.676	1.393
18.710	1.386
18.745	1.379
18.780	1.372
18.814	1.365
18.848	1.359
18.882	1.353
18.915	1.347
18.949	1.341
18.982	1.336
19.015	1.330
19.047	1.325
19.079	1.321
19.111	1.316
19.143	1.312
19.174	1.308
19.205	1.304
19.236	1.301
19.266	1.298
19.296	1.295
19.326	1.292
19.355	1.289
19.384	1.287
19.413	1.285
19.441	1.284
19.469	1.282
19.496	1.281
19.523	1.280
19.550	1.279
19.576	1.279
19.602	1.279
19.627	1.279
19.652	1.280
19.677	1.280
19.701	1.281
19.724	1.283
19.747	1.284
19.770	1.286
19.792	1.288
19.814	1.290
19.835	1.293
19.855	1.296
19.875	1.299
19.895	1.302
19.914	1.306
19.933	1.310
19.951	1.315
19.969	1.319
19.986	1.324
20.004	1.329
20.020	1.335
20.037	1.341
20.053	1.347
20.068	1.354
20.084	1.361
20.099	1.369
20.113	1.376
20.128	1.385
20.142	1.393
20.156	1.402
20.170	1.411
20.184	1.421
20.198	1.431
20.211	1.442
20.224	1.453
20.237	1.464
20.250	1.476
20.263	1.488
20.276	1.501
20.289	1.514
20.302	1.528
20.314	1.542
20.326	1.557
20.339	1.571
20.351	1.587
20.363	1.603
20.374	1.619
20.386	1.636
20.397	1.653
20.408	1.670
20.419	1.688
20.430	1.707
20.441	1.726
20.451	1.745
20.461	1.765
20.471	1.785
20.481	1.806
20.490	1.827
20.499	1.848
20.508	1.870
20.516	1.892
20.524	1.915
20.532	1.938
20.540	1.962
20.547	1.986
20.554	2.010
20.560	2.035
20.567	2.060
20.572	2.086
20.578	2.112
20.583	2.139
20.588	2.166
20.592	2.193
20.596	2.220
20.600	2.248
20.604	2.277
20.607	2.305
20.610	2.334
20.612	2.363
20.615	2.392
20.616	2.422
20.618	2.452
20.620	2.482
20.621	2.512
20.622	2.543
20.622	2.573
20.622	2.604
20.622	2.635
20.622	2.666
20.622	2.697
20.621	2.729
20.620	2.760
20.619	2.792
20.618	2.823
20.616	2.855
20.614	2.886
20.612	2.918
20.610	2.950
20.608	2.981
20.605	3.013
20.602	3.045
20.599	3.076
20.596	3.108
20.593	3.139
20.589	3.171
20.586	3.202
20.582	3.233
20.578	3.264
20.574	3.295
20.570	3.325
20.565	3.356
20.561	3.386
20.556	3.416
20.552	3.446
20.547	3.476
20.542	3.506
20.536	3.535
20.531	3.564
20.525	3.593
20.520	3.622
20.514	3.651
20.507	3.679
20.501	3.707
20.494	3.735
20.488	3.763
20.480	3.791
20.473	3.819
20.466	3.846
20.458	3.873
20.449	3.900
20.441	3.927
20.432	3.954
20.423	3.981
20.414	4.007
20.404	4.033
20.394	4.060
20.384	4.086
20.373	4.111
20.362	4.137
20.351	4.163
20.339	4.188
20.327	4.213
20.314	4.238
20.301	4.263
20.288	4.288
20.274	4.312
20.260	4.337
20.246	4.361
20.231	4.385
20.215	4.410
20.199	4.433
20.183	4.457
20.166	4.481
20.149	4.504
20.131	4.528
20.113	4.551
20.094	4.574
20.075	4.597
20.056	4.620
20.036	4.642
20.016	4.664
19.995	4.686
19.975	4.708
19.953	4.730
19.932	4.751
19.910	4.772
19.888	4.793
19.866	4.814
19.843	4.834
19.820	4.854
19.797	4.874
19.774	4.893
19.750	4.912
19.727	4.931
19.703	4.949
19.679	4.967
19.654	4.985
19.630	5.002
19.606	5.019
19.581	5.035
19.556	5.051
19.531	5.067
19.507	5.082
19.482	5.097
19.457	5.111
19.432	5.125
19.407	5.139
19.382	5.152
19.357	5.164
19.332	5.176
19.307	5.188
19.282	5.199
19.257	5.209
19.232	5.219
19.207	5.228
19.183	5.237
19.158	5.246
19.134	5.254
19.109	5.261
19.085	5.268
19.061	5.274
19.037	5.280
19.013	5.286
18.988	5.291
18.964	5.296
18.941	5.300
18.917	5.305
18.893	5.308
18.869	5.312
18.845	5.315
18.822	5.317
18.798	5.320
18.774	5.322
18.751	5.324
18.727	5.326
18.704	5.327
18.680	5.328
18.657	5.329
18.633	5.330
18.610	5.331
18.586	5.331
18.563	5.331
18.539	5.331
18.516	5.332
18.492	5.331
18.469	5.331
18.446	5.331
18.422	5.331
18.399	5.331
18.375	5.330
18.352	5.330
18.328	5.329
18.305	5.329
18.281	5.328
18.258	5.328
18.234	5.327
18.211	5.327
18.188	5.326
18.164	5.326
18.141	5.325
18.118	5.324
18.095	5.323
18.072	5.323
18.049	5.322
18.027	5.321
18.004	5.320
17.982	5.319
17.959	5.318
17.937	5.317
17.915	5.316
17.893	5.315
17.872	5.314
17.850	5.313
17.829	5.312
17.808	5.311
17.787	5.310
17.767	5.308
17.746	5.307
17.726	5.306
17.706	5.304
17.686	5.303
17.667	5.302
17.648	5.300
17.629	5.299
17.610	5.298
17.592	5.296
17.573	5.295
17.555	5.294
17.537	5.293
17.519	5.292
17.502	5.291
17.484	5.291
17.467	5.290
17.449	5.290
17.432	5.290
17.415	5.291
17.398	5.291
17.381	5.292
17.363	5.294
17.346	5.295
17.329	5.297
17.312	5.300
17.295	5.303
17.278	5.306
17.260	5.310
17.243	5.314
17.225	5.318
17.208	5.324
17.190	5.329
17.172	5.336
17.154	5.342
17.136	5.349
17.118	5.357
17.099	5.364
17.080	5.373
17.061	5.381
17.042	5.390
17.023	5.399
17.003	5.409
16.983	5.419
16.963	5.429
16.942	5.439
16.921	5.450
16.900	5.461
16.878	5.472
16.856	5.483
16.833	5.494
16.810	5.506
16.787	5.518
16.763	5.529
16.739	5.541
16.715	5.553
16.689	5.565
16.664	5.577
16.638	5.589
16.611	5.601
16.584	5.613
16.556	5.625
16.528	5.637
16.499	5.649
16.469	5.661
16.439	5.672
16.409	5.684
16.377	5.695
16.345	5.707
16.313	5.718
16.280	5.729
16.246	5.740
16.212	5.750
16.177	5.761
16.142	5.772
16.106	5.782
16.070	5.792
16.034	5.803
15.997	5.813
15.960	5.823
15.922	5.833
15.884	5.843
15.846	5.852
15.807	5.862
15.768	5.871
15.729	5.881
15.690	5.890
15.650	5.900
15.610	5.909
15.570	5.918
15.530	5.927
15.490	5.936
15.449	5.945
15.409	5.953
15.368	5.962
15.327	5.971
15.286	5.979
15.245	5.988
15.204	5.996
15.163	6.005
15.122	6.013
15.082	6.021
15.041	6.030
15.000	6.038
14.959	6.046
14.919	6.054
14.878	6.062
14.838	6.070
14.798	6.078
14.758	6.086
14.718	6.094
14.679	6.101
14.640	6.109
14.601	6.117
14.562	6.125
14.524	6.132
14.486	6.140
14.448	6.148
14.411	6.155
14.374	6.163
14.337	6.170
14.301	6.178
14.266	6.185
14.230	6.193
14.196	6.201
14.161	6.208
14.128	6.215
14.094	6.223
14.061	6.230
14.029	6.237
13.996	6.244
13.965	6.251
13.933	6.258
13.902	6.265
13.872	6.271
13.842	6.278
13.812	6.284
13.783	6.290
13.754	6.295
13.725	6.301
13.697	6.306
13.669	6.311
13.642	6.316
13.614	6.321
13.588	6.325
13.561	6.329
13.535	6.332
13.509	6.336
13.484	6.339
13.459	6.341
13.434	6.343
13.409	6.345
13.385	6.347
13.361	6.348
13.338	6.348
13.314	6.349
13.291	6.348
13.268	6.348
13.246	6.346
13.224	6.345
13.202	6.343
13.180	6.340
13.159	6.337
13.138	6.333
13.117	6.329
13.096	6.324
13.075	6.319
13.055	6.313
13.035	6.307
13.015	6.301
12.995	6.294
12.976	6.286
12.956	6.279
12.937	6.271
12.917	6.262
12.898	6.254
12.879	6.245
12.860	6.236
12.841	6.227
12.822	6.217
12.803	6.208
12.784	6.198
12.765	6.188
12.745	6.178
12.726	6.168
12.707	6.157
12.688	6.147
12.669	6.137
12.649	6.126
12.630	6.116
12.610	6.106
12.590	6.096
12.570	6.085
12.550	6.075
12.530	6.065
12.509	6.056
12.489	6.046
12.468	6.036
12.447	6.027
12.426	6.018
12.405	6.008
12.384	5.999
12.363	5.990
12.342	5.981
12.321	5.972
12.300	5.964
12.280	5.955
12.259	5.946
12.238	5.938
12.218	5.930
12.197	5.921
12.177	5.913
12.157	5.905
12.138	5.897
12.118	5.889
12.099	5.881
12.080	5.873
12.061	5.865
12.043	5.858
12.025	5.850
12.008	5.842
11.991	5.835
11.974	5.827
11.958	5.820
11.942	5.813
11.926	5.805
11.912	5.798
11.897	5.790
11.884	5.783
11.871	5.776
11.858	5.768
11.846	5.760
11.835	5.752
11.824	5.744
11.815	5.736
11.805	5.727
11.797	5.718
11.790	5.709
11.783	5.699
11.777	5.689
11.772	5.679
11.768	5.668
11.765	5.656
11.763	5.644
11.761	5.632
11.761	5.619
11.761	5.605
11.762	5.592
11.764	5.578
11.766	5.564
11.769	5.550
11.772	5.536
11.775	5.522
11.779	5.508
11.782	5.495
11.786	5.482
11.789	5.469
11.793	5.457
11.796	5.446
11.799	5.435
11.802	5.425
11.804	5.416
11.806	5.407
11.807	5.400
11.807	5.393
11.807	5.387
11.807	5.381
11.807	5.375
11.806	5.370
11.806	5.365
11.805	5.359
11.804	5.354
11.803	5.347
11.802	5.341
11.801	5.334
11.800	5.327
11.800	5.319
11.800	5.311
11.800	5.302
11.800	5.293
11.801	5.283
11.803	5.273
11.804	5.262
